6338.0 6198.0 6338.0
5979.0 6137.0 6371.0
6177.0 6057.0 6271.0
6185.0 6201.0 6262.0
6273.0 6246.0 6338.0
6154.0 6271.0 6294.0
6263.0 6247.0 6241.0
6258.0 6368.0 6296.0
6192.0 6307.0 6200.0
6036.0 6207.0 6285.0
6326.0 6126.0 6245.0
6037.0 6367.0 6202.0
6127.0 6136.0 6251.0
6226.0 6149.0 6356.0
6294.0 6098.0 6237.0
6175.0 6009.0 6404.0
6173.0 6085.0 6392.0
6234.0 6315.0 6214.0
6132.0 6224.0 6319.0
6291.0 6213.0 6220.0
6251.0 6405.0 6315.0
6381.0 6069.0 6242.0
6116.0 6149.0 6192.0
6232.0 6361.0 6225.0
6273.0 6272.0 6296.0
6194.0 6315.0 6181.0
6325.0 6249.0 6332.0
6104.0 6186.0 6232.0
6217.0 6162.0 6364.0
6255.0 6109.0 6320.0
6219.0 6310.0 6400.0
6221.0 6278.0 6418.0
6235.0 6324.0 6442.0
6122.0 6189.0 6356.0
6190.0 6148.0 6517.0
6164.0 6268.0 6366.0
6281.0 6297.0 6399.0
6151.0 6219.0 6369.0
6268.0 6222.0 6424.0
6241.0 6292.0 6384.0
6299.0 6261.0 6473.0
6198.0 6177.0 6367.0
6271.0 6180.0 6295.0
6273.0 6337.0 6465.0
6183.0 6191.0 6531.0
6275.0 6302.0 6422.0
6069.0 6139.0 6403.0
6152.0 6346.0 6261.0
6139.0 6216.0 6324.0
6206.0 6114.0 6242.0
6173.0 6154.0 6311.0
6253.0 6294.0 6356.0
6244.0 6250.0 6400.0
6329.0 6268.0 6310.0
6193.0 6321.0 6469.0
6273.0 6211.0 6434.0
6219.0 6209.0 6426.0
6381.0 6253.0 6371.0
6239.0 6321.0 6377.0
6293.0 6135.0 6397.0
6300.0 6348.0 6522.0
6225.0 6456.0 6501.0
6372.0 6342.0 6588.0
6245.0 6348.0 6535.0
6209.0 6142.0 6528.0
6234.0 6180.0 6507.0
6233.0 6321.0 6597.0
6488.0 6238.0 6592.0
6369.0 6273.0 6493.0
6378.0 6190.0 6609.0
6324.0 6246.0 6666.0
6257.0 6274.0 6560.0
6399.0 6351.0 6568.0
6178.0 6329.0 6498.0
6239.0 6384.0 6384.0
6204.0 6276.0 6550.0
6368.0 6227.0 6458.0
6288.0 6196.0 6619.0
6419.0 6241.0 6566.0
6335.0 6422.0 6553.0
6214.0 6256.0 6488.0
6366.0 6413.0 6585.0
6370.0 6411.0 6648.0
6371.0 6181.0 6579.0
6315.0 6280.0 6530.0
6504.0 6504.0 6596.0
6333.0 6259.0 6570.0
6292.0 6309.0 6590.0
6368.0 6279.0 6433.0
6389.0 6323.0 6505.0
6563.0 6509.0 6775.0
6385.0 6491.0 6789.0
6447.0 6470.0 6735.0
6429.0 6316.0 6995.0
6413.0 6497.0 6799.0
6509.0 6278.0 6763.0
6545.0 6482.0 6765.0
6414.0 6449.0 6718.0
6477.0 6443.0 6692.0
6536.0 6452.0 6802.0
6438.0 6383.0 6861.0
6623.0 6516.0 6702.0
6534.0 6478.0 6663.0
6362.0 6468.0 6748.0
6444.0 6452.0 6859.0
6442.0 6432.0 6793.0
6532.0 6588.0 6788.0
6446.0 6560.0 6770.0
6619.0 6517.0 6972.0
6531.0 6443.0 6859.0
6388.0 6336.0 6765.0
6479.0 6487.0 6880.0
6481.0 6395.0 6753.0
6496.0 6624.0 6910.0
6586.0 6266.0 6916.0
6607.0 6495.0 6709.0
6418.0 6418.0 6681.0
6394.0 6495.0 6888.0
6489.0 6426.0 6803.0
6484.0 6222.0 6743.0
6527.0 6689.0 7202.0
6641.0 6573.0 6945.0
6520.0 6558.0 6940.0
6695.0 6614.0 7092.0
6629.0 6460.0 7246.0
6493.0 6625.0 7017.0
6547.0 6569.0 7031.0
6562.0 6462.0 7172.0
6571.0 6544.0 7153.0
6564.0 6499.0 6979.0
6512.0 6498.0 7112.0
6496.0 6573.0 7138.0
6701.0 6729.0 7011.0
6518.0 6507.0 6930.0
6616.0 6674.0 7141.0
6595.0 6672.0 7086.0
6580.0 6626.0 7044.0
6510.0 6556.0 7058.0
6626.0 6437.0 6985.0
6450.0 6640.0 7092.0
6577.0 6712.0 7196.0
6487.0 6600.0 6970.0
6724.0 6595.0 7173.0
6551.0 6449.0 7164.0
6639.0 6478.0 7126.0
6624.0 6597.0 7117.0
6600.0 6582.0 7097.0
6332.0 6581.0 7130.0
6563.0 6506.0 7211.0
6654.0 6596.0 7025.0
6802.0 6734.0 7694.0
6778.0 6659.0 7778.0
6702.0 6847.0 7511.0
6699.0 6632.0 7580.0
6786.0 6871.0 7633.0
6769.0 6813.0 7710.0
6872.0 6827.0 7536.0
6830.0 6884.0 7581.0
6954.0 6822.0 7622.0
6884.0 6966.0 7492.0
6847.0 6889.0 7726.0
6759.0 6677.0 7654.0
6896.0 6868.0 7684.0
6865.0 6756.0 7589.0
6881.0 6830.0 7460.0
6855.0 6985.0 7556.0
6767.0 6861.0 7478.0
6806.0 6957.0 7666.0
6863.0 6876.0 7472.0
6999.0 6905.0 7583.0
6846.0 6870.0 7699.0
6915.0 6803.0 7667.0
6833.0 6767.0 7607.0
6821.0 6982.0 7571.0
6890.0 6856.0 7723.0
6909.0 6942.0 7658.0
6840.0 6746.0 7640.0
6737.0 6795.0 7617.0
6851.0 6863.0 7627.0
6848.0 6843.0 7724.0
6948.0 7114.0 8090.0
7068.0 7162.0 8186.0
7073.0 7159.0 8213.0
7070.0 7080.0 8054.0
7074.0 7071.0 8055.0
6907.0 7113.0 8200.0
7100.0 7293.0 8095.0
7057.0 7163.0 8231.0
6976.0 7149.0 7992.0
7061.0 7168.0 8077.0
7100.0 7086.0 8123.0
7128.0 7099.0 8241.0
7039.0 7175.0 8191.0
7205.0 7167.0 8186.0
7104.0 7016.0 8101.0
7057.0 7156.0 8077.0
7182.0 7055.0 8144.0
7058.0 7253.0 8147.0
7062.0 7141.0 7962.0
7034.0 7113.0 8094.0
7081.0 7078.0 8029.0
7025.0 7144.0 8114.0
7077.0 7118.0 8304.0
7089.0 7183.0 8316.0
7116.0 7155.0 8184.0
7122.0 7205.0 8137.0
6998.0 7147.0 8095.0
7095.0 7141.0 8112.0
7152.0 6913.0 8000.0
7071.0 7156.0 8142.0
7570.0 7503.0 9263.0
7443.0 7575.0 9191.0
7594.0 7717.0 9135.0
7413.0 7577.0 9160.0
7575.0 7638.0 9110.0
7648.0 7619.0 9207.0
7627.0 7570.0 9110.0
7684.0 7753.0 9171.0
7417.0 7544.0 9146.0
7534.0 7642.0 9231.0
7797.0 7608.0 9131.0
7587.0 7709.0 8985.0
7777.0 7746.0 8970.0
7607.0 7520.0 8902.0
7517.0 7731.0 9074.0
7643.0 7564.0 9131.0
7563.0 7573.0 9223.0
7576.0 7647.0 9122.0
7681.0 7605.0 9275.0
7530.0 7580.0 9238.0
7655.0 7744.0 9265.0
7559.0 7661.0 9163.0
7527.0 7527.0 9068.0
7650.0 7590.0 9369.0
7645.0 7518.0 8960.0
7629.0 7522.0 9025.0
7549.0 7551.0 9149.0
7646.0 7661.0 9038.0
7691.0 7614.0 9124.0
7645.0 7590.0 9089.0
8426.0 8371.0 10613.0
8191.0 8318.0 10616.0
8262.0 8232.0 10404.0
8176.0 8359.0 10574.0
8346.0 8398.0 10458.0
8501.0 8363.0 10636.0
8228.0 8509.0 10502.0
8408.0 8330.0 10469.0
8416.0 8430.0 10384.0
8406.0 8438.0 10344.0
8047.0 8205.0 10539.0
8340.0 8346.0 10375.0
8284.0 8283.0 10674.0
8130.0 8405.0 10670.0
8378.0 8450.0 10646.0
8363.0 8326.0 10450.0
8179.0 8272.0 10425.0
8250.0 8236.0 10698.0
8306.0 8333.0 10343.0
8169.0 8354.0 10612.0
8456.0 8375.0 10312.0
8226.0 8305.0 10553.0
8542.0 8392.0 10453.0
8345.0 8371.0 10584.0
8258.0 8205.0 10511.0
8282.0 8416.0 10605.0
8319.0 8107.0 10377.0
8164.0 8354.0 10435.0
8407.0 8239.0 10624.0
8410.0 8433.0 10446.0
9050.0 9094.0 12028.0
9040.0 9045.0 12000.0
9066.0 9207.0 11994.0
9033.0 9004.0 11782.0
9068.0 9171.0 12053.0
8944.0 9080.0 11876.0
8983.0 9128.0 11904.0
8946.0 9095.0 11921.0
8958.0 9121.0 11985.0
8944.0 9114.0 11906.0
9240.0 9090.0 12234.0
9084.0 9034.0 12066.0
8937.0 9095.0 11922.0
8866.0 8933.0 12050.0
8811.0 9094.0 12018.0
8907.0 9235.0 12016.0
8983.0 9114.0 11966.0
9061.0 8990.0 11821.0
9048.0 9064.0 12101.0
9139.0 9108.0 11825.0
9153.0 9028.0 11907.0
9199.0 8999.0 11994.0
9079.0 9044.0 11940.0
9070.0 9154.0 11992.0
9138.0 8971.0 11776.0
9031.0 9208.0 12276.0
9044.0 9152.0 12107.0
9050.0 9197.0 11935.0
9083.0 9104.0 11844.0
8842.0 9142.0 12054.0
10477.0 10575.0 14765.0
10137.0 10323.0 14599.0
10460.0 10336.0 14544.0
10338.0 10472.0 14532.0
10312.0 10463.0 14940.0
10143.0 10401.0 14619.0
10233.0 10550.0 14757.0
10331.0 10427.0 14450.0
10462.0 10518.0 14797.0
10352.0 10390.0 14547.0
10208.0 10446.0 14936.0
10429.0 10508.0 14525.0
10399.0 10548.0 14614.0
10357.0 10358.0 14529.0
10364.0 10434.0 14529.0
10626.0 10447.0 14575.0
10534.0 10555.0 14684.0
10462.0 10587.0 14643.0
10170.0 10528.0 14625.0
10115.0 10467.0 14371.0
10282.0 10278.0 14387.0
10366.0 10360.0 14731.0
10426.0 10300.0 14379.0
10326.0 10516.0 14640.0
10282.0 10498.0 14679.0
10454.0 10181.0 14754.0
10309.0 10573.0 14632.0
10260.0 10538.0 14572.0
10359.0 10591.0 14649.0
10298.0 10367.0 14471.0
11956.0 12349.0 18120.0
12035.0 12339.0 18096.0
12026.0 11989.0 18215.0
12197.0 12184.0 18400.0
12174.0 12420.0 18212.0
12247.0 12264.0 18243.0
12169.0 12153.0 18374.0
12148.0 12218.0 18133.0
12148.0 12595.0 18269.0
12156.0 12219.0 17918.0
12282.0 12218.0 18278.0
12188.0 12089.0 18336.0
11948.0 12202.0 18402.0
11966.0 12196.0 18028.0
12125.0 12159.0 18373.0
12007.0 12406.0 18341.0
11989.0 12137.0 18591.0
12071.0 12387.0 18212.0
12035.0 12165.0 18384.0
12151.0 12445.0 18024.0
12030.0 12184.0 18394.0
12014.0 12277.0 18158.0
12004.0 12246.0 18312.0
11913.0 12307.0 18038.0
12299.0 12437.0 18185.0
11880.0 12206.0 18070.0
12095.0 12180.0 18300.0
12093.0 12249.0 18372.0
12072.0 12122.0 18165.0
12116.0 12394.0 18184.0
14448.0 14942.0 23039.0
14670.0 14647.0 23169.0
14429.0 14814.0 23122.0
14533.0 14792.0 23263.0
14669.0 14637.0 23001.0
14608.0 14893.0 23091.0
14339.0 14855.0 23035.0
14660.0 14895.0 22999.0
14598.0 14825.0 23231.0
14618.0 14814.0 23301.0
14557.0 14568.0 23448.0
14619.0 15029.0 23148.0
14626.0 14854.0 22995.0
14580.0 14635.0 23417.0
14469.0 14855.0 23206.0
14502.0 14821.0 23214.0
14729.0 14913.0 23398.0
14500.0 14778.0 23423.0
14491.0 14677.0 23237.0
14627.0 14577.0 23524.0
14611.0 14595.0 23061.0
14496.0 14730.0 23107.0
14512.0 14830.0 23283.0
14655.0 14935.0 23010.0
14756.0 14857.0 23017.0
14788.0 14702.0 23140.0
14224.0 14654.0 23303.0
14565.0 14981.0 23120.0
14393.0 14625.0 23602.0
14543.0 14655.0 23205.0
17733.0 18124.0 29952.0
17737.0 17893.0 30202.0
17758.0 18203.0 29748.0
17643.0 18151.0 30235.0
17740.0 18120.0 30184.0
17831.0 18427.0 29912.0
17613.0 18020.0 29570.0
17756.0 18139.0 29709.0
17766.0 18318.0 30239.0
17783.0 18214.0 30469.0
17889.0 18106.0 29739.0
18034.0 17955.0 30023.0
17692.0 18205.0 29735.0
17920.0 18348.0 29884.0
17981.0 18127.0 29799.0
17774.0 18180.0 29918.0
17611.0 18255.0 30199.0
17958.0 18225.0 30059.0
17719.0 18141.0 29660.0
17671.0 18061.0 30122.0
17888.0 18278.0 29913.0
18016.0 18081.0 30144.0
18025.0 18193.0 29441.0
17709.0 18280.0 30163.0
17906.0 18221.0 29978.0
17644.0 17972.0 29686.0
17743.0 18258.0 29974.0
17703.0 18151.0 30150.0
17997.0 18219.0 29774.0
17616.0 18272.0 29946.0
22462.0 22713.0 39010.0
22481.0 22795.0 38740.0
22414.0 22909.0 38966.0
22197.0 22637.0 38384.0
22264.0 22551.0 38978.0
22527.0 22817.0 38644.0
22224.0 22696.0 38961.0
22053.0 22661.0 38516.0
22194.0 22520.0 39189.0
22262.0 22668.0 38537.0
22219.0 22919.0 38966.0
22324.0 22650.0 38778.0
22189.0 22636.0 39287.0
22219.0 22714.0 38881.0
22168.0 22576.0 38660.0
22204.0 22280.0 39029.0
22654.0 22495.0 38820.0
22253.0 22958.0 39176.0
22334.0 22589.0 39196.0
22211.0 22627.0 38902.0
22104.0 22855.0 39042.0
22036.0 22686.0 38581.0
21973.0 22712.0 38863.0
22480.0 22820.0 38840.0
22445.0 22891.0 38504.0
22100.0 22696.0 38836.0
22294.0 22982.0 38968.0
22061.0 22383.0 38950.0
22278.0 22740.0 39030.0
22068.0 22665.0 38710.0
28060.0 28508.0 50670.0
28039.0 28536.0 50848.0
28088.0 28709.0 50442.0
27881.0 28325.0 50573.0
27960.0 28785.0 50949.0
28248.0 28626.0 50209.0
27968.0 28635.0 50052.0
28173.0 28806.0 50483.0
27996.0 28474.0 50142.0
27819.0 28532.0 50718.0
27867.0 28508.0 50594.0
28066.0 28540.0 51038.0
28053.0 28826.0 50626.0
28243.0 28637.0 50416.0
27914.0 28549.0 49989.0
28097.0 28552.0 50435.0
28147.0 28675.0 50516.0
27873.0 28485.0 50394.0
27689.0 28695.0 50586.0
27478.0 28701.0 50479.0
28182.0 28838.0 50503.0
28035.0 28723.0 50532.0
28112.0 28531.0 50573.0
28056.0 28467.0 50607.0
28004.0 28686.0 51307.0
28072.0 28458.0 50747.0
28004.0 28759.0 50531.0
27801.0 28789.0 50732.0
27958.0 28832.0 50518.0
28010.0 28815.0 50809.0
37547.0 38454.0 70253.0
37438.0 38441.0 70560.0
37476.0 38559.0 70047.0
37698.0 38485.0 70136.0
37546.0 38495.0 70173.0
37763.0 38737.0 70559.0
37831.0 39134.0 69933.0
37780.0 38663.0 70360.0
37385.0 38483.0 69805.0
37579.0 38951.0 70633.0
37475.0 38597.0 69812.0
37606.0 38946.0 70562.0
37829.0 38523.0 70121.0
37498.0 38697.0 70174.0
37520.0 39091.0 69853.0
37624.0 38877.0 70427.0
37963.0 38632.0 70453.0
37611.0 38602.0 70254.0
37525.0 38608.0 70436.0
37601.0 38835.0 70502.0
37798.0 38696.0 70165.0
37718.0 38257.0 70140.0
37649.0 38538.0 70015.0
37675.0 38546.0 70332.0
37905.0 38895.0 69925.0
38020.0 38516.0 70398.0
37621.0 38589.0 70109.0
37653.0 38607.0 70564.0
37485.0 38762.0 70057.0
37672.0 38732.0 70288.0
48219.0 49206.0 91165.0
47905.0 49684.0 91195.0
48125.0 49359.0 90852.0
48179.0 49113.0 90876.0
48192.0 49171.0 90858.0
47746.0 49490.0 90996.0
47719.0 49398.0 91087.0
47825.0 49059.0 91032.0
47761.0 49314.0 91335.0
47727.0 48982.0 91470.0
47971.0 49012.0 91048.0
47647.0 49869.0 90839.0
47610.0 49282.0 91143.0
47806.0 49034.0 91083.0
47890.0 49634.0 91126.0
47811.0 49337.0 90807.0
48129.0 48860.0 91054.0
48288.0 49441.0 91632.0
47784.0 49581.0 91067.0
48359.0 49196.0 91913.0
47843.0 49202.0 91261.0
47840.0 49103.0 91035.0
48253.0 49418.0 91434.0
48085.0 49404.0 91010.0
47922.0 48572.0 90776.0
47973.0 49683.0 91006.0
47782.0 49074.0 90948.0
47787.0 49238.0 90720.0
48026.0 49421.0 91094.0
47852.0 49146.0 90906.0
61145.0 62641.0 118220.0
61051.0 62673.0 117884.0
61488.0 62714.0 118437.0
61110.0 62795.0 117135.0
61378.0 62659.0 118003.0
60824.0 63011.0 117442.0
61016.0 62454.0 117735.0
60979.0 62835.0 117492.0
60628.0 62566.0 117686.0
60698.0 62899.0 117440.0
60914.0 62853.0 117744.0
60615.0 62473.0 118303.0
61523.0 62873.0 117804.0
61074.0 62711.0 117462.0
60805.0 62667.0 117906.0
60944.0 62510.0 117608.0
60632.0 63141.0 117949.0
60701.0 62650.0 118226.0
61059.0 62533.0 117954.0
60429.0 62508.0 117332.0
60465.0 63012.0 116962.0
60993.0 62486.0 117615.0
61002.0 62618.0 117740.0
61023.0 63007.0 117697.0
61194.0 62999.0 117860.0
61009.0 62350.0 117896.0
60962.0 62882.0 117667.0
60693.0 63151.0 117935.0
60689.0 62813.0 117054.0
61251.0 62547.0 118072.0
82817.0 85630.0 162362.0
82986.0 84263.0 162606.0
82641.0 85126.0 161416.0
82846.0 85014.0 162222.0
82781.0 85554.0 161678.0
82285.0 85245.0 161741.0
82806.0 85169.0 161745.0
82694.0 84669.0 161802.0
82685.0 84894.0 161573.0
82686.0 85037.0 161304.0
83388.0 85162.0 162336.0
82009.0 85133.0 161562.0
82735.0 85179.0 160797.0
82655.0 85184.0 161809.0
83092.0 84991.0 162057.0
82808.0 85272.0 161374.0
82475.0 84906.0 161906.0
82388.0 85205.0 161410.0
82836.0 84792.0 162249.0
82829.0 85209.0 161776.0
83346.0 85142.0 162123.0
83053.0 85205.0 161849.0
82818.0 85278.0 161738.0
82690.0 85074.0 161871.0
83135.0 85259.0 162113.0
82824.0 85123.0 162040.0
82720.0 85512.0 161539.0
83282.0 84752.0 161865.0
82789.0 84838.0 162135.0
83002.0 85134.0 161897.0
111259.0 115035.0 220693.0
111722.0 115097.0 221575.0
111368.0 115530.0 222177.0
111901.0 115764.0 222375.0
111771.0 115107.0 221533.0
112044.0 114487.0 221845.0
111918.0 115346.0 221628.0
112366.0 115244.0 221939.0
112003.0 115531.0 221946.0
112177.0 115766.0 222360.0
112650.0 115583.0 221197.0
111950.0 115543.0 221248.0
111949.0 114716.0 221315.0
112292.0 114865.0 221472.0
111768.0 114997.0 221628.0
112400.0 115438.0 221072.0
111882.0 115152.0 222176.0
112547.0 115322.0 221432.0
112268.0 115187.0 221264.0
111486.0 115057.0 221542.0
111641.0 115035.0 220554.0
112024.0 114894.0 221619.0
112281.0 114675.0 221467.0
112486.0 115702.0 221134.0
112308.0 114835.0 220914.0
112471.0 115002.0 221359.0
112099.0 114745.0 221097.0
112165.0 114656.0 220875.0
112722.0 114705.0 221791.0
112069.0 115180.0 221555.0
142450.0 147234.0 282984.0
142848.0 146307.0 284218.0
141662.0 147023.0 282158.0
142201.0 146152.0 281990.0
142793.0 146367.0 282357.0
142720.0 146318.0 282897.0
142188.0 145876.0 283677.0
142289.0 146702.0 282494.0
142855.0 146928.0 283031.0
142592.0 145918.0 283645.0
142917.0 145682.0 283322.0
142820.0 147140.0 283171.0
142403.0 146558.0 283605.0
142658.0 146499.0 283412.0
142654.0 146356.0 283166.0
142302.0 146510.0 282051.0
142749.0 147049.0 283784.0
142015.0 145940.0 282932.0
143715.0 146641.0 282619.0
141452.0 146428.0 284076.0
142894.0 146152.0 282568.0
143200.0 146664.0 282775.0
141982.0 147296.0 282954.0
141818.0 146851.0 283450.0
143169.0 146372.0 282576.0
142110.0 145916.0 282799.0
142074.0 146337.0 282664.0
142061.0 146954.0 282804.0
142940.0 146290.0 282622.0
142206.0 145793.0 282101.0
192379.0 198224.0 384495.0
192410.0 198090.0 385550.0
192195.0 198315.0 384157.0
192856.0 197744.0 383984.0
192176.0 197508.0 384524.0
191954.0 198403.0 383988.0
192398.0 197919.0 383241.0
192450.0 197907.0 385414.0
193251.0 198002.0 385618.0
191586.0 198053.0 384201.0
192042.0 198108.0 383711.0
192326.0 198167.0 385914.0
193463.0 197632.0 384946.0
192175.0 198044.0 384641.0
192135.0 198242.0 384986.0
192706.0 197571.0 385771.0
192996.0 198138.0 384240.0
192576.0 197339.0 384383.0
192014.0 197996.0 383879.0
192185.0 197637.0 384673.0
191813.0 197363.0 384313.0
192132.0 197059.0 384808.0
192817.0 197687.0 385199.0
192080.0 197670.0 384457.0
192453.0 197864.0 383437.0
191361.0 197878.0 384400.0
192535.0 197488.0 385141.0
191733.0 197539.0 383762.0
192519.0 197771.0 384701.0
192670.0 198394.0 384151.0
257844.0 266469.0 518622.0
257515.0 267143.0 518125.0
257893.0 267050.0 518299.0
257466.0 265628.0 517687.0
256508.0 267121.0 519749.0
257797.0 266231.0 518669.0
257940.0 266853.0 518630.0
256441.0 265357.0 518220.0
257343.0 267176.0 519665.0
258441.0 265854.0 518197.0
258214.0 266651.0 516130.0
256928.0 266820.0 518409.0
257808.0 267322.0 517510.0
258106.0 266121.0 518711.0
258163.0 265482.0 517116.0
256877.0 265777.0 517481.0
257747.0 266680.0 518783.0
257256.0 266652.0 517754.0
257783.0 266829.0 517717.0
257288.0 266684.0 517785.0
258058.0 265557.0 518847.0
257323.0 265259.0 517525.0
257348.0 266696.0 518188.0
258304.0 265421.0 517708.0
258235.0 265492.0 517420.0
258172.0 266740.0 519020.0
258536.0 266255.0 518527.0
258222.0 266127.0 518923.0
258643.0 266296.0 519413.0
258121.0 265807.0 519220.0
360667.0 373696.0 727725.0
359848.0 372782.0 727540.0
360949.0 372909.0 726563.0
361134.0 373163.0 728530.0
360577.0 372552.0 727505.0
360464.0 372813.0 726085.0
360952.0 373271.0 728666.0
359781.0 372547.0 728495.0
360164.0 374449.0 728709.0
360508.0 373512.0 728091.0
359477.0 371681.0 726526.0
361244.0 372853.0 726861.0
360270.0 372912.0 729015.0
360606.0 373445.0 729269.0
360017.0 373483.0 726176.0
359565.0 372891.0 727157.0
360172.0 372980.0 728747.0
360252.0 371047.0 728058.0
362023.0 372967.0 726401.0
360437.0 373826.0 726172.0
360007.0 373814.0 727051.0
360320.0 372454.0 727814.0
359446.0 372885.0 729045.0
360249.0 372563.0 729213.0
359888.0 372203.0 727007.0
360291.0 372773.0 728504.0
359239.0 372032.0 728606.0
360073.0 373115.0 729479.0
359294.0 373433.0 727374.0
360391.0 372444.0 727427.0
468473.0 485836.0 949184.0
467740.0 485814.0 948389.0
468572.0 485303.0 949738.0
468059.0 486409.0 948538.0
467370.0 487689.0 948594.0
468525.0 485393.0 950614.0
468675.0 486368.0 950382.0
469421.0 485747.0 949054.0
468560.0 485649.0 950032.0
469196.0 486612.0 949863.0
469038.0 485997.0 947966.0
469117.0 487244.0 948655.0
469321.0 486842.0 948490.0
467943.0 485668.0 950965.0
467917.0 486291.0 949441.0
470409.0 485782.0 948140.0
469691.0 485881.0 949246.0
467728.0 486655.0 949524.0
470326.0 485957.0 949161.0
467682.0 485997.0 948717.0
468398.0 485436.0 949928.0
468621.0 484577.0 950545.0
469629.0 486316.0 949384.0
468169.0 486259.0 945882.0
468676.0 487596.0 947607.0
470068.0 485828.0 949760.0
467866.0 484456.0 949503.0
467814.0 485113.0 947662.0
470061.0 484754.0 946570.0
469667.0 487377.0 949521.0
638314.0 665386.0 1296740.0
637100.0 664938.0 1293502.0
635860.0 662163.0 1295153.0
637677.0 661600.0 1295149.0
636085.0 664703.0 1295519.0
637304.0 662601.0 1293717.0
637346.0 663488.0 1293264.0
637785.0 662948.0 1294356.0
637003.0 661798.0 1293049.0
638401.0 663288.0 1294327.0
635738.0 664254.0 1293308.0
637983.0 662482.0 1294981.0
639161.0 663769.0 1292970.0
638260.0 663961.0 1294409.0
635822.0 662743.0 1293646.0
638158.0 663610.0 1295414.0
637324.0 662265.0 1293882.0
638191.0 662987.0 1293200.0
640042.0 663570.0 1294093.0
637940.0 662039.0 1295856.0
638886.0 661871.0 1294033.0
638285.0 662554.0 1292917.0
636692.0 661162.0 1294752.0
638360.0 661320.0 1292362.0
638049.0 662029.0 1291829.0
637335.0 662074.0 1295327.0
638352.0 661233.0 1292093.0
638037.0 661653.0 1295028.0
638741.0 662616.0 1292438.0
637923.0 661373.0 1295187.0
827664.0 858708.0 1677178.0
826607.0 857704.0 1676161.0
825142.0 857366.0 1677620.0
826093.0 859217.0 1674877.0
824832.0 857395.0 1678437.0
825009.0 859345.0 1677931.0
828107.0 858921.0 1678613.0
825421.0 858059.0 1678806.0
827352.0 858804.0 1676214.0
825969.0 859745.0 1680976.0
824684.0 857698.0 1676770.0
824481.0 859700.0 1676929.0
824540.0 859032.0 1678902.0
824812.0 857958.0 1676751.0
825508.0 859707.0 1677374.0
823522.0 857797.0 1676821.0
826210.0 860329.0 1677195.0
825878.0 860285.0 1675431.0
826308.0 857385.0 1678325.0
824961.0 860365.0 1678081.0
823489.0 858949.0 1675580.0
824531.0 858938.0 1678604.0
824843.0 859967.0 1675164.0
824458.0 859502.0 1677504.0
825600.0 858414.0 1677497.0
823932.0 858665.0 1677083.0
824609.0 859242.0 1676744.0
825594.0 861061.0 1678101.0
825370.0 859832.0 1678616.0
826312.0 860014.0 1678368.0
1176432.0 1219339.0 2389665.0
1173967.0 1220547.0 2387159.0
1175431.0 1221247.0 2385235.0
1175765.0 1220797.0 2384572.0
1173870.0 1219610.0 2388930.0
1173420.0 1222763.0 2384714.0
1174783.0 1220563.0 2385966.0
1175090.0 1220667.0 2388281.0
1175384.0 1219907.0 2386454.0
1174909.0 1219494.0 2385966.0
1174918.0 1219223.0 2386750.0
1173074.0 1219404.0 2384586.0
1177101.0 1217102.0 2386980.0
1172825.0 1221660.0 2384251.0
1175443.0 1218332.0 2383640.0
1175023.0 1221258.0 2384599.0
1175237.0 1221039.0 2384702.0
1174803.0 1220781.0 2384715.0
1173087.0 1221869.0 2386251.0
1175213.0 1220256.0 2386543.0
1175184.0 1219460.0 2385631.0
1174815.0 1221012.0 2388761.0
1176447.0 1219742.0 2389122.0
1176022.0 1219441.0 2385204.0
1172440.0 1221482.0 2385942.0
1174160.0 1220596.0 2381233.0
1173085.0 1220039.0 2384338.0
1174154.0 1221587.0 2386225.0
1174306.0 1218880.0 2386628.0
1172943.0 1218337.0 2384626.0
1558855.0 1615680.0 3159604.0
1558194.0 1618031.0 3158914.0
1556762.0 1615055.0 3162495.0
1557331.0 1614497.0 3157841.0
1557028.0 1615855.0 3161247.0
1556630.0 1615772.0 3156355.0
1559257.0 1617767.0 3159704.0
1557291.0 1618148.0 3158976.0
1559926.0 1615487.0 3157460.0
1558339.0 1616668.0 3158188.0
1556446.0 1613616.0 3163858.0
1556509.0 1615316.0 3158355.0
1555480.0 1613289.0 3159034.0
1555317.0 1613187.0 3159932.0
1555107.0 1616980.0 3161009.0
1556718.0 1616818.0 3158466.0
1553975.0 1614745.0 3155852.0
1556509.0 1613883.0 3157595.0
1557037.0 1615935.0 3157696.0
1556301.0 1612951.0 3159939.0
1555833.0 1614198.0 3158459.0
1554148.0 1616722.0 3154285.0
1553191.0 1610606.0 3155116.0
1554956.0 1617297.0 3157833.0
1553521.0 1613953.0 3157902.0
1553690.0 1615281.0 3158133.0
1555777.0 1613760.0 3159070.0
1554877.0 1615672.0 3162049.0
1554578.0 1615050.0 3156171.0
1554293.0 1613510.0 3156506.0
2121585.0 2193795.0 4294986.0
2121513.0 2196959.0 4292896.0
2124162.0 2197359.0 4296601.0
2123352.0 2198389.0 4297903.0
2121760.0 2195429.0 4293252.0
2119055.0 2198425.0 4295905.0
2120795.0 2195465.0 4295769.0
2122226.0 2195822.0 4296549.0
2120731.0 2194328.0 4295058.0
2119929.0 2192081.0 4290306.0
2115981.0 2197955.0 4286395.0
2115686.0 2193899.0 4291463.0
2117311.0 2195681.0 4290882.0
2118890.0 2197595.0 4293488.0
2116174.0 2196734.0 4292317.0
2118148.0 2193703.0 4285408.0
2119331.0 2196454.0 4291169.0
2119287.0 2193193.0 4290688.0
2117493.0 2198085.0 4294006.0
2123932.0 2193346.0 4294394.0
2120499.0 2193583.0 4291455.0
2114825.0 2193688.0 4291832.0
2120570.0 2194883.0 4292422.0
2116042.0 2194820.0 4290508.0
2115621.0 2196859.0 4287812.0
2116209.0 2194139.0 4291774.0
2113218.0 2194694.0 4288955.0
2116956.0 2190323.0 4291486.0
2116473.0 2193432.0 4285800.0
2115664.0 2192458.0 4290152.0
2822002.0 2923937.0 5714537.0
2814735.0 2924928.0 5709990.0
2821124.0 2921450.0 5707615.0
2816969.0 2926064.0 5708290.0
2825204.0 2919810.0 5713941.0
2816769.0 2925545.0 5709175.0
2818148.0 2927212.0 5717698.0
2817822.0 2923966.0 5709672.0
2820703.0 2921394.0 5708785.0
2817423.0 2921960.0 5704866.0
2816117.0 2926009.0 5707298.0
2818443.0 2922134.0 5706562.0
2822549.0 2921131.0 5699434.0
2819682.0 2917818.0 5707465.0
2817443.0 2919469.0 5708487.0
2820936.0 2915306.0 5707362.0
2816144.0 2921178.0 5704454.0
2816978.0 2922922.0 5709401.0
2819917.0 2917835.0 5702440.0
2814654.0 2918508.0 5702389.0
2820063.0 2917070.0 5709252.0
2819149.0 2920447.0 5701374.0
2816080.0 2919466.0 5704169.0
2814248.0 2918899.0 5699683.0
2818666.0 2921159.0 5696293.0
2814684.0 2916277.0 5707564.0
2822237.0 2920651.0 5705691.0
2815716.0 2920430.0 5696270.0
2819409.0 2919927.0 5694228.0
2817319.0 2920500.0 5697927.0
3651511.0 3788000.0 7385452.0
3653040.0 3792130.0 7377697.0
3653189.0 3790210.0 7393185.0
3653723.0 3790693.0 7397199.0
3654071.0 3791672.0 7386643.0
3653300.0 3791097.0 7390166.0
3656032.0 3790458.0 7383226.0
3651376.0 3786046.0 7386687.0
3653373.0 3788885.0 7383567.0
3653520.0 3788864.0 7379297.0
3644616.0 3780476.0 7380837.0
3652120.0 3788631.0 7377886.0
3649572.0 3789681.0 7377696.0
3643397.0 3785623.0 7373322.0
3647034.0 3780565.0 7374692.0
3645022.0 3784850.0 7372727.0
3645635.0 3784261.0 7380719.0
3638259.0 3775270.0 7373326.0
3651472.0 3782408.0 7374384.0
3642284.0 3784284.0 7381486.0
3646550.0 3787073.0 7368731.0
3644098.0 3776132.0 7375539.0
3647674.0 3777525.0 7368795.0
3644703.0 3781927.0 7369048.0
3644965.0 3778172.0 7379509.0
3642954.0 3784606.0 7370521.0
3645342.0 3787174.0 7370611.0
3640821.0 3783447.0 7377765.0
3652514.0 3779016.0 7371492.0
3647177.0 3777861.0 7371207.0
4750808.0 4933848.0 9600868.0
4754078.0 4930210.0 9587366.0
4756904.0 4929168.0 9587857.0
4746785.0 4924349.0 9590975.0
4746903.0 4929412.0 9590379.0
4748906.0 4931050.0 9587172.0
4748955.0 4932007.0 9584421.0
4742345.0 4926574.0 9583069.0
4746270.0 4929780.0 9578563.0
4748756.0 4934105.0 9581740.0
4745733.0 4917448.0 9574292.0
4746923.0 4921429.0 9577039.0
4738733.0 4918522.0 9564454.0
4743043.0 4930136.0 9570310.0
4742800.0 4917812.0 9569401.0
4738746.0 4922882.0 9567164.0
4743463.0 4913419.0 9569445.0
4740634.0 4915343.0 9571563.0
4734601.0 4916049.0 9565311.0
4742836.0 4914478.0 9558380.0
4734667.0 4920114.0 9563192.0
4732619.0 4917900.0 9565138.0
4740925.0 4914727.0 9548876.0
4737468.0 4915651.0 9555021.0
4739258.0 4910952.0 9564239.0
4737025.0 4914647.0 9565230.0
4737297.0 4914605.0 9551828.0
4739405.0 4917624.0 9557568.0
4739213.0 4908805.0 9549731.0
4733176.0 4916793.0 9551980.0
6153307.0 6383814.0 12388750.0
6150645.0 6385668.0 12391957.0
6148918.0 6385615.0 12368363.0
6142535.0 6377743.0 12377395.0
6141589.0 6379527.0 12375722.0
6146902.0 6377737.0 12358562.0
6132555.0 6383423.0 12358181.0
6133751.0 6377937.0 12356857.0
6140730.0 6375431.0 12352074.0
6139469.0 6367261.0 12372887.0
6133860.0 6368573.0 12346102.0
6132436.0 6370057.0 12350526.0
6130017.0 6370647.0 12352395.0
6128911.0 6365938.0 12335338.0
6132343.0 6366666.0 12341771.0
6129266.0 6364280.0 12346877.0
6132192.0 6367632.0 12333918.0
6127155.0 6358985.0 12333738.0
6127296.0 6362777.0 12338835.0
6131450.0 6351645.0 12339428.0
6120369.0 6364111.0 12330709.0
6124635.0 6357498.0 12326416.0
6119078.0 6354289.0 12317855.0
6125055.0 6362662.0 12323518.0
6119510.0 6355559.0 12320483.0
6117916.0 6346623.0 12324800.0
6114359.0 6350345.0 12309786.0
6118921.0 6366483.0 12312021.0
6113741.0 6351135.0 12312861.0
6118959.0 6345020.0 12314512.0
7873837.0 8136465.0 15748432.0
7857399.0 8139093.0 15743729.0
7863901.0 8146413.0 15739990.0
7848775.0 8150248.0 15729290.0
7844572.0 8139163.0 15746055.0
7850293.0 8141515.0 15737863.0
7846068.0 8134888.0 15725936.0
7844653.0 8137806.0 15732408.0
7841041.0 8141562.0 15733675.0
7839918.0 8134731.0 15719795.0
7841930.0 8146771.0 15725248.0
7834354.0 8133467.0 15720426.0
7840480.0 8133855.0 15717717.0
7832006.0 8124498.0 15710446.0
7820288.0 8135234.0 15692114.0
7828964.0 8126443.0 15709094.0
7835489.0 8131913.0 15691932.0
7821863.0 8126022.0 15700165.0
7823434.0 8122762.0 15698322.0
7815244.0 8125764.0 15678841.0
7823704.0 8127824.0 15704327.0
7807362.0 8123862.0 15674353.0
7813700.0 8104310.0 15688592.0
7806785.0 8118352.0 15669608.0
7804148.0 8123925.0 15665079.0
7808820.0 8110603.0 15664120.0
7808330.0 8126049.0 15672206.0
7809161.0 8117351.0 15675485.0
7803368.0 8108493.0 15664841.0
7800496.0 8107597.0 15655322.0
9851511.0 10111484.0 19542476.0
9835064.0 10112564.0 19546800.0
9838689.0 10106598.0 19540861.0
9831729.0 10107333.0 19534873.0
9834154.0 10104217.0 19531766.0
9819569.0 10107396.0 19530389.0
9812388.0 10101570.0 19529714.0
9813086.0 10111641.0 19517879.0
9797927.0 10099849.0 19524149.0
9799611.0 10115703.0 19517248.0
9805147.0 10109383.0 19506102.0
9797055.0 10120674.0 19506572.0
9791653.0 10113605.0 19518168.0
9788409.0 10114041.0 19501593.0
9785685.0 10113365.0 19492438.0
9789804.0 10122469.0 19492037.0
9781858.0 10108622.0 19494886.0
9777733.0 10104234.0 19474372.0
9778631.0 10109806.0 19478354.0
9779020.0 10097257.0 19494133.0
9773489.0 10097120.0 19471389.0
9768547.0 10106133.0 19462855.0
9753132.0 10093518.0 19457739.0
9755647.0 10090532.0 19456673.0
9755759.0 10083923.0 19467873.0
9754392.0 10094357.0 19438856.0
9746312.0 10091580.0 19453750.0
9746106.0 10092387.0 19445485.0
9751417.0 10085486.0 19443715.0
9739702.0 10098058.0 19422184.0
12262390.0 12589720.0 24213900.0
12263280.0 12570770.0 24238870.0
12301570.0 12580910.0 24237110.0
12293050.0 12585880.0 24236990.0
12269580.0 12565650.0 24252940.0
12247490.0 12567310.0 24216800.0
12254970.0 12601740.0 24224460.0
12240730.0 12576530.0 24198880.0
12269160.0 12577800.0 24257750.0
12226570.0 12572870.0 24260300.0
12226170.0 12573460.0 24244550.0
12267300.0 12588200.0 24226700.0
12259290.0 12587070.0 24240870.0
12297560.0 12565650.0 24207380.0
12275990.0 12606740.0 24232740.0
12259820.0 12595580.0 24196420.0
12289850.0 12593260.0 24206560.0
12245240.0 12591990.0 24243740.0
12290600.0 12578010.0 24235960.0
12268790.0 12597910.0 24167770.0
12269880.0 12587440.0 24203310.0
12259890.0 12561740.0 24256500.0
12233710.0 12583260.0 24270210.0
12272550.0 12569130.0 24216990.0
12260320.0 12608230.0 24249180.0
12235880.0 12578890.0 24189110.0
12291900.0 12567430.0 24197030.0
12265010.0 12586260.0 24170190.0
12243650.0 12560590.0 24246470.0
12283060.0 12624070.0 24269230.0
15131090.0 15470440.0 29690250.0
15124680.0 15458130.0 29632790.0
15127960.0 15476390.0 29653150.0
15155960.0 15473210.0 29640880.0
15142130.0 15448950.0 29653310.0
15105480.0 15426660.0 29606430.0
15117660.0 15457420.0 29645330.0
15143330.0 15483090.0 29615480.0
15118060.0 15472060.0 29654120.0
15120380.0 15451370.0 29716610.0
15113390.0 15491220.0 29705660.0
15135230.0 15479050.0 29658840.0
15104030.0 15434380.0 29651520.0
15120690.0 15492290.0 29664310.0
15180100.0 15501120.0 29639910.0
15136430.0 15483510.0 29652150.0
15120210.0 15472820.0 29618540.0
15146940.0 15510150.0 29657640.0
15113620.0 15518870.0 29649890.0
15120640.0 15471470.0 29657320.0
15137200.0 15476380.0 29634670.0
15139590.0 15468250.0 29634720.0
15126950.0 15473530.0 29672260.0
15121540.0 15466150.0 29652180.0
15085890.0 15467660.0 29712900.0
15127750.0 15510920.0 29670830.0
15089730.0 15478580.0 29666500.0
15118990.0 15475530.0 29642810.0
15109250.0 15466270.0 29633080.0
15141430.0 15441910.0 29613560.0
19123750.0 19490620.0 37109470.0
19141210.0 19403590.0 37120790.0
19155270.0 19479440.0 37104170.0
19102660.0 19479520.0 37072870.0
19107440.0 19477560.0 37019310.0
19098520.0 19476690.0 37089420.0
19141480.0 19445140.0 37079730.0
19102190.0 19466380.0 37094340.0
19091580.0 19504290.0 37098940.0
19104370.0 19455600.0 36933120.0
19102740.0 19509590.0 37029830.0
19109060.0 19458380.0 37096160.0
19112290.0 19511470.0 37135390.0
19109110.0 19487630.0 37019630.0
19120750.0 19500710.0 37094750.0
19114450.0 19525850.0 37046520.0
19117210.0 19461100.0 37014610.0
19051800.0 19422960.0 36934400.0
19105940.0 19483390.0 37077270.0
19038820.0 19482710.0 37065710.0
19101880.0 19506440.0 37064900.0
19093790.0 19485320.0 36988090.0
19080740.0 19490570.0 37070050.0
19106990.0 19509970.0 37107150.0
19062790.0 19471460.0 37086940.0
19056640.0 19468660.0 37029670.0
19088150.0 19514310.0 37083040.0
19099850.0 19449340.0 36986560.0
19057490.0 19465600.0 37114580.0
19109280.0 19479020.0 37024380.0