1656.0 1680.0 1655.0
1691.0 1685.0 1687.0
1812.0 1695.0 1695.0
1649.0 1604.0 1666.0
1783.0 1656.0 1718.0
1703.0 1729.0 1671.0
1759.0 1659.0 1660.0
1717.0 1713.0 1692.0
1747.0 1645.0 1666.0
1675.0 1725.0 1697.0
1783.0 1642.0 1707.0
1746.0 1681.0 1700.0
1740.0 1629.0 1685.0
1715.0 1765.0 1700.0
1709.0 1638.0 1668.0
1666.0 1691.0 1659.0
1697.0 1597.0 1762.0
1742.0 1693.0 1717.0
1674.0 1656.0 1636.0
1747.0 1726.0 1682.0
1779.0 1687.0 1720.0
1710.0 1693.0 1699.0
1667.0 1674.0 1613.0
1704.0 1730.0 1758.0
1631.0 1644.0 1725.0
1741.0 1723.0 1699.0
1673.0 1714.0 1641.0
1762.0 1676.0 1687.0
1740.0 1724.0 1709.0
1655.0 1708.0 1696.0
1693.0 1725.0 1750.0
1687.0 1734.0 1743.0
1657.0 1666.0 1853.0
1641.0 1663.0 1760.0
1777.0 1737.0 1815.0
1741.0 1704.0 1763.0
1691.0 1649.0 1808.0
1746.0 1673.0 1849.0
1718.0 1668.0 1738.0
1629.0 1622.0 1750.0
1622.0 1666.0 1772.0
1669.0 1753.0 1733.0
1674.0 1723.0 1730.0
1759.0 1660.0 1797.0
1683.0 1737.0 1812.0
1665.0 1663.0 1789.0
1696.0 1709.0 1805.0
1723.0 1694.0 1809.0
1681.0 1755.0 1798.0
1672.0 1677.0 1778.0
1663.0 1727.0 1751.0
1689.0 1665.0 1772.0
1745.0 1734.0 1751.0
1662.0 1711.0 1734.0
1791.0 1647.0 1784.0
1826.0 1722.0 1688.0
1706.0 1611.0 1724.0
1693.0 1603.0 1749.0
1648.0 1659.0 1776.0
1650.0 1711.0 1696.0
1726.0 1756.0 1760.0
1717.0 1751.0 1716.0
1723.0 1771.0 1725.0
1712.0 1746.0 1795.0
1642.0 1699.0 1693.0
1718.0 1692.0 1791.0
1657.0 1761.0 1811.0
1625.0 1753.0 1703.0
1696.0 1742.0 1749.0
1632.0 1749.0 1722.0
1731.0 1707.0 1758.0
1631.0 1669.0 1756.0
1631.0 1724.0 1755.0
1647.0 1726.0 1784.0
1736.0 1701.0 1672.0
1705.0 1801.0 1751.0
1616.0 1719.0 1705.0
1700.0 1708.0 1727.0
1714.0 1751.0 1777.0
1731.0 1669.0 1780.0
1678.0 1716.0 1746.0
1678.0 1633.0 1776.0
1726.0 1734.0 1775.0
1659.0 1766.0 1790.0
1706.0 1705.0 1720.0
1737.0 1742.0 1740.0
1693.0 1683.0 1720.0
1716.0 1717.0 1684.0
1703.0 1715.0 1745.0
1668.0 1696.0 1747.0
1732.0 1765.0 1807.0
1778.0 1759.0 1848.0
1769.0 1750.0 1919.0
1732.0 1741.0 1812.0
1712.0 1717.0 1925.0
1741.0 1778.0 1813.0
1782.0 1780.0 1891.0
1741.0 1835.0 1820.0
1776.0 1740.0 1919.0
1683.0 1787.0 1889.0
1740.0 1857.0 1835.0
1717.0 1773.0 1866.0
1800.0 1768.0 1796.0
1807.0 1765.0 1870.0
1835.0 1745.0 1843.0
1785.0 1739.0 1832.0
1884.0 1779.0 1874.0
1725.0 1726.0 1786.0
1750.0 1806.0 1859.0
1780.0 1808.0 1892.0
1705.0 1707.0 1803.0
1725.0 1706.0 1899.0
1685.0 1767.0 1917.0
1718.0 1773.0 1870.0
1716.0 1723.0 1886.0
1796.0 1754.0 1840.0
1776.0 1726.0 1837.0
1721.0 1735.0 1975.0
1752.0 1814.0 1816.0
1763.0 1789.0 1978.0
1768.0 1798.0 1908.0
1807.0 1717.0 1878.0
1804.0 1826.0 1956.0
1769.0 1749.0 1935.0
1802.0 1707.0 1897.0
1817.0 1803.0 1899.0
1771.0 1780.0 1931.0
1781.0 1892.0 1967.0
1859.0 1733.0 1903.0
1815.0 1789.0 1979.0
1828.0 1875.0 1883.0
1775.0 1778.0 1857.0
1827.0 1786.0 2009.0
1860.0 1750.0 1919.0
1735.0 1792.0 1916.0
1855.0 1765.0 1908.0
1774.0 1772.0 1909.0
1693.0 1758.0 1806.0
1750.0 1728.0 1945.0
1769.0 1774.0 1970.0
1782.0 1768.0 1917.0
1787.0 1748.0 1923.0
1750.0 1867.0 1908.0
1761.0 1806.0 1918.0
1758.0 1740.0 1899.0
1755.0 1810.0 1873.0
1809.0 1823.0 1938.0
1759.0 1796.0 1873.0
1757.0 1802.0 1900.0
1852.0 1773.0 1911.0
1803.0 1823.0 1944.0
1864.0 1875.0 2063.0
1786.0 1866.0 2088.0
1900.0 1786.0 2070.0
1745.0 1866.0 2047.0
1893.0 1835.0 2029.0
1899.0 1826.0 2051.0
1868.0 1907.0 2115.0
1913.0 1852.0 2040.0
1802.0 1923.0 1993.0
1852.0 1776.0 2074.0
1755.0 1845.0 2024.0
1808.0 1834.0 2104.0
1859.0 1818.0 2017.0
1843.0 1830.0 2007.0
1804.0 1851.0 1986.0
1842.0 1903.0 2001.0
1785.0 1812.0 2086.0
1817.0 1834.0 1937.0
1741.0 1833.0 2041.0
1877.0 1844.0 2015.0
1855.0 1856.0 1981.0
1865.0 1845.0 2007.0
1860.0 1794.0 2099.0
1862.0 1846.0 2050.0
1808.0 1852.0 2021.0
1880.0 1814.0 2017.0
1828.0 1818.0 2093.0
1834.0 1712.0 2019.0
1866.0 1881.0 2051.0
1822.0 1966.0 2118.0
1901.0 1888.0 2108.0
1853.0 1915.0 2094.0
1807.0 1863.0 2130.0
1875.0 1911.0 2100.0
1850.0 1962.0 2063.0
1880.0 1981.0 2182.0
1887.0 1880.0 2063.0
1921.0 1948.0 2046.0
1878.0 1929.0 2165.0
1923.0 1924.0 2104.0
1819.0 1952.0 2100.0
1921.0 1950.0 2267.0
1892.0 1865.0 2144.0
1879.0 1858.0 2213.0
1936.0 1918.0 2135.0
1884.0 1892.0 2182.0
1905.0 1911.0 2131.0
2015.0 1890.0 2139.0
1883.0 1898.0 2074.0
1853.0 1861.0 2100.0
1950.0 1883.0 2191.0
1926.0 1846.0 2116.0
1881.0 1852.0 2077.0
1878.0 1918.0 2168.0
1851.0 1870.0 2111.0
1948.0 1846.0 2075.0
1908.0 1904.0 2105.0
1907.0 1929.0 2093.0
1915.0 1873.0 2165.0
1921.0 1989.0 2189.0
1975.0 1942.0 2132.0
1937.0 2020.0 2239.0
2029.0 1883.0 2209.0
2049.0 1942.0 2185.0
2011.0 1954.0 2279.0
2015.0 1936.0 2192.0
1968.0 1888.0 2286.0
2009.0 1916.0 2152.0
1936.0 2000.0 2176.0
2007.0 1999.0 2228.0
2038.0 1934.0 2260.0
2052.0 1979.0 2155.0
1919.0 1950.0 2209.0
1955.0 1962.0 2244.0
1946.0 2024.0 2233.0
1864.0 1978.0 2263.0
1966.0 1941.0 2321.0
1932.0 1893.0 2217.0
1953.0 1815.0 2245.0
1934.0 1995.0 2267.0
2014.0 1950.0 2220.0
2016.0 2040.0 2243.0
1997.0 1956.0 2285.0
1990.0 1936.0 2249.0
2009.0 1906.0 2220.0
1904.0 1926.0 2194.0
2052.0 1905.0 2178.0
1985.0 1952.0 2286.0
1967.0 1914.0 2120.0
1943.0 2041.0 2380.0
1976.0 1947.0 2499.0
1851.0 1919.0 2473.0
1954.0 2004.0 2489.0
1910.0 1971.0 2474.0
1956.0 1980.0 2394.0
1930.0 2001.0 2442.0
1943.0 1965.0 2453.0
1931.0 2032.0 2473.0
1950.0 1959.0 2488.0
1933.0 1994.0 2473.0
2001.0 1978.0 2482.0
1912.0 1999.0 2462.0
1930.0 1990.0 2354.0
1906.0 1975.0 2430.0
1894.0 2003.0 2395.0
1903.0 1954.0 2391.0
1979.0 2028.0 2433.0
1969.0 1957.0 2423.0
1912.0 2002.0 2477.0
1921.0 1945.0 2405.0
1985.0 1993.0 2456.0
2012.0 2023.0 2427.0
1867.0 1978.0 2398.0
1944.0 1991.0 2486.0
1882.0 1940.0 2443.0
2049.0 1970.0 2519.0
1993.0 2023.0 2389.0
1888.0 2002.0 2438.0
1979.0 1984.0 2432.0
1998.0 2061.0 2389.0
2025.0 2001.0 2343.0
1999.0 2037.0 2312.0
2007.0 2090.0 2239.0
2031.0 1963.0 2343.0
2024.0 2003.0 2331.0
2007.0 2076.0 2330.0
2065.0 1995.0 2261.0
2131.0 2061.0 2316.0
2005.0 2105.0 2287.0
2057.0 1966.0 2246.0
2026.0 2073.0 2365.0
2021.0 2065.0 2342.0
2065.0 2068.0 2286.0
2098.0 2025.0 2257.0
2015.0 2000.0 2382.0
2058.0 2021.0 2199.0
2030.0 2090.0 2245.0
2037.0 2065.0 2340.0
2091.0 2034.0 2310.0
1958.0 2036.0 2392.0
2037.0 2063.0 2254.0
2077.0 2079.0 2251.0
1966.0 2067.0 2298.0
1982.0 2091.0 2260.0
1977.0 2157.0 2364.0
2112.0 2110.0 2386.0
2049.0 1991.0 2265.0
2113.0 2034.0 2273.0
2015.0 2096.0 2300.0
2161.0 2195.0 2665.0
2098.0 2178.0 2634.0
2174.0 2111.0 2638.0
2129.0 2128.0 2629.0
2116.0 2142.0 2598.0
2092.0 2074.0 2686.0
2190.0 2095.0 2587.0
2184.0 2147.0 2681.0
2093.0 2224.0 2554.0
2129.0 2169.0 2655.0
2182.0 2186.0 2614.0
2200.0 2065.0 2614.0
2165.0 2174.0 2655.0
2099.0 2137.0 2647.0
2157.0 2138.0 2675.0
2057.0 2118.0 2684.0
2145.0 2116.0 2597.0
2141.0 2063.0 2585.0
2225.0 2230.0 2729.0
2189.0 2133.0 2607.0
2160.0 2211.0 2724.0
2128.0 2161.0 2533.0
2131.0 2193.0 2653.0
2221.0 2162.0 2597.0
2152.0 2222.0 2592.0
2218.0 2183.0 2545.0
2167.0 2118.0 2564.0
2197.0 2169.0 2606.0
2106.0 2252.0 2579.0
2145.0 2189.0 2579.0
2261.0 2260.0 2917.0
2342.0 2300.0 2929.0
2294.0 2261.0 2920.0
2301.0 2328.0 2905.0
2360.0 2350.0 2911.0
2237.0 2293.0 2870.0
2247.0 2282.0 2881.0
2255.0 2214.0 2784.0
2271.0 2254.0 2891.0
2168.0 2369.0 2936.0
2343.0 2222.0 2982.0
2271.0 2247.0 2992.0
2393.0 2291.0 2858.0
2299.0 2314.0 3021.0
2300.0 2332.0 2973.0
2297.0 2320.0 2945.0
2358.0 2281.0 2942.0
2266.0 2273.0 2865.0
2261.0 2285.0 2883.0
2266.0 2321.0 2859.0
2315.0 2327.0 2830.0
2255.0 2253.0 2884.0
2334.0 2384.0 2943.0
2324.0 2263.0 2953.0
2328.0 2323.0 2905.0
2253.0 2282.0 2974.0
2337.0 2235.0 3048.0
2335.0 2277.0 2900.0
2234.0 2270.0 2962.0
2287.0 2298.0 2930.0
2504.0 2591.0 3237.0
2543.0 2577.0 3528.0
2452.0 2566.0 3239.0
2474.0 2501.0 3428.0
2533.0 2469.0 3316.0
2475.0 2549.0 3484.0
2473.0 2511.0 3359.0
2576.0 2464.0 3387.0
2538.0 2468.0 3520.0
2555.0 2570.0 3418.0
2410.0 2499.0 3371.0
2475.0 2480.0 3402.0
2581.0 2503.0 3417.0
2494.0 2467.0 3382.0
2486.0 2453.0 3428.0
2520.0 2555.0 3459.0
2426.0 2574.0 3437.0
2453.0 2508.0 3438.0
2497.0 2522.0 3406.0
2446.0 2485.0 3417.0
2452.0 2535.0 3404.0
2473.0 2523.0 3386.0
2483.0 2439.0 3272.0
2540.0 2543.0 3466.0
2511.0 2502.0 3460.0
2526.0 2495.0 3386.0
2506.0 2576.0 3218.0
2625.0 2539.0 3247.0
2448.0 2596.0 3404.0
2442.0 2476.0 3392.0
2968.0 2986.0 4334.0
2884.0 2929.0 4172.0
3000.0 3026.0 4252.0
3042.0 2955.0 4168.0
2949.0 3025.0 4296.0
2944.0 2923.0 4316.0
3002.0 2906.0 4295.0
2974.0 2927.0 4303.0
2955.0 2966.0 4366.0
3005.0 2988.0 4357.0
2866.0 2952.0 4337.0
3016.0 3068.0 4301.0
2932.0 2902.0 4282.0
2922.0 2981.0 4233.0
2917.0 2918.0 4349.0
2879.0 3042.0 4314.0
2918.0 3030.0 4244.0
2983.0 2899.0 4236.0
2909.0 2951.0 4423.0
2957.0 2938.0 4220.0
2940.0 3024.0 4372.0
3008.0 3010.0 4249.0
2931.0 2971.0 4292.0
2929.0 2929.0 4356.0
2870.0 3036.0 4175.0
2934.0 2940.0 4207.0
2927.0 2950.0 4326.0
2983.0 2886.0 4271.0
2964.0 3004.0 4349.0
2975.0 3049.0 4262.0
3790.0 3804.0 6016.0
3734.0 3805.0 6052.0
3809.0 3798.0 5981.0
3730.0 3784.0 5955.0
3851.0 3829.0 6088.0
3885.0 3736.0 5884.0
3773.0 3686.0 5978.0
3764.0 3940.0 6070.0
3797.0 3826.0 6033.0
3764.0 3890.0 5980.0
3733.0 3934.0 5923.0
3905.0 3846.0 5930.0
3807.0 3883.0 6014.0
3767.0 3786.0 6038.0
3731.0 3725.0 6002.0
3769.0 3843.0 6050.0
3835.0 3918.0 6098.0
3849.0 3899.0 5813.0
3878.0 3778.0 5930.0
3744.0 3887.0 5896.0
3757.0 3950.0 5791.0
3834.0 3845.0 5923.0
3810.0 3882.0 6026.0
3855.0 3864.0 5859.0
3845.0 3878.0 5925.0
3747.0 3897.0 6069.0
3851.0 3767.0 5939.0
3786.0 3798.0 5974.0
3745.0 3728.0 5990.0
3785.0 3849.0 6041.0
5708.0 5741.0 9784.0
5753.0 5770.0 9753.0
5677.0 5918.0 9894.0
5646.0 5784.0 9758.0
5604.0 5850.0 9707.0
5645.0 5773.0 9588.0
5651.0 5775.0 9860.0
5644.0 5704.0 9799.0
5574.0 5797.0 9860.0
5697.0 5911.0 9901.0
5772.0 5804.0 9738.0
5818.0 5727.0 9873.0
5732.0 5854.0 9741.0
5743.0 5723.0 9627.0
5643.0 5879.0 9952.0
5833.0 5755.0 9778.0
5721.0 5772.0 9740.0
5726.0 5826.0 9823.0
5560.0 5805.0 9931.0
5649.0 5854.0 9697.0
5532.0 5764.0 9678.0
5660.0 5811.0 9855.0
5576.0 5717.0 9887.0
5648.0 5788.0 9831.0
5697.0 5884.0 9862.0
5735.0 5755.0 9712.0
5636.0 5790.0 9895.0
5637.0 5916.0 9635.0
5572.0 5812.0 9734.0
5567.0 5858.0 9764.0
8179.0 8433.0 15012.0
8250.0 8443.0 15079.0
8167.0 8551.0 15236.0
8163.0 8515.0 15092.0
8489.0 8360.0 15049.0
8202.0 8585.0 15114.0
8304.0 8344.0 15128.0
8209.0 8484.0 15231.0
8274.0 8414.0 15240.0
8227.0 8526.0 15019.0
8299.0 8513.0 14946.0
8364.0 8476.0 15027.0
8300.0 8387.0 15009.0
8356.0 8427.0 14989.0
8241.0 8508.0 15162.0
8231.0 8471.0 15178.0
8442.0 8303.0 15053.0
8340.0 8433.0 14997.0
8205.0 8495.0 15130.0
8197.0 8565.0 15049.0
8314.0 8208.0 15176.0
8228.0 8376.0 15151.0
8384.0 8473.0 15313.0
8333.0 8243.0 15078.0
8292.0 8428.0 15145.0
8275.0 8339.0 15119.0
8091.0 8380.0 15039.0
8377.0 8481.0 15222.0
8316.0 8424.0 14962.0
8358.0 8402.0 15282.0
13763.0 14207.0 26203.0
14017.0 14186.0 26003.0
13854.0 14030.0 26111.0
13811.0 14181.0 26359.0
13678.0 14236.0 26183.0
13751.0 14104.0 26565.0
13794.0 14175.0 26075.0
13762.0 14111.0 26392.0
13769.0 14015.0 26241.0
13965.0 14246.0 26257.0
13953.0 13966.0 26133.0
13880.0 14109.0 26208.0
13686.0 14092.0 26573.0
13562.0 14083.0 26345.0
13639.0 14156.0 26133.0
13665.0 14075.0 26168.0
13881.0 14058.0 26320.0
13883.0 14084.0 26451.0
13822.0 14010.0 25977.0
14037.0 14137.0 26356.0
13969.0 14164.0 26261.0
13883.0 14163.0 26285.0
13953.0 14168.0 26277.0
13790.0 14050.0 26063.0
13729.0 14313.0 26370.0
13759.0 14061.0 26257.0
13854.0 13940.0 26270.0
13651.0 14102.0 26370.0
13727.0 14222.0 26100.0
13555.0 13989.0 26414.0
20940.0 21228.0 40060.0
21010.0 21315.0 40361.0
20706.0 21264.0 40283.0
20870.0 21249.0 40442.0
20868.0 21244.0 40581.0
21193.0 21290.0 40494.0
20525.0 21390.0 40251.0
20723.0 21335.0 40434.0
20907.0 20789.0 40230.0
20828.0 21188.0 39953.0
21142.0 21279.0 39836.0
20770.0 21106.0 40269.0
20700.0 21309.0 40351.0
20894.0 21389.0 40785.0
20702.0 21113.0 40286.0
20603.0 21246.0 40744.0
20740.0 21288.0 40528.0
20579.0 21354.0 40599.0
20794.0 21340.0 40347.0
20756.0 21285.0 40713.0
20577.0 21366.0 40570.0
20874.0 21210.0 40803.0
20583.0 21267.0 40698.0
20718.0 21160.0 40389.0
20783.0 21412.0 40809.0
20743.0 21320.0 40358.0
20748.0 21213.0 40716.0
21025.0 21248.0 40409.0
20777.0 21488.0 40350.0
20919.0 21419.0 40765.0
34300.0 35151.0 68427.0
34616.0 35268.0 67883.0
34350.0 35011.0 67973.0
34258.0 35114.0 67688.0
34344.0 35084.0 67697.0
34128.0 35542.0 67645.0
34519.0 34825.0 67631.0
34363.0 35451.0 68095.0
34107.0 35371.0 68042.0
34358.0 35226.0 67555.0
34466.0 35324.0 67725.0
34290.0 35208.0 67304.0
34016.0 34838.0 67786.0
34381.0 35035.0 68169.0
34308.0 35069.0 67609.0
34373.0 34954.0 67947.0
34291.0 34695.0 67418.0
34210.0 35010.0 67975.0
34402.0 34996.0 68273.0
34158.0 35120.0 67697.0
34174.0 35345.0 68535.0
34474.0 35117.0 67675.0
34283.0 35462.0 67620.0
34300.0 35040.0 67608.0
34454.0 35024.0 67740.0
34450.0 35188.0 67754.0
34360.0 34885.0 67455.0
34159.0 35103.0 67971.0
34485.0 34755.0 67761.0
34253.0 34973.0 67919.0
56047.0 57101.0 110403.0
55474.0 56887.0 110682.0
55590.0 56769.0 110948.0
55407.0 57065.0 111043.0
55470.0 57109.0 111047.0
55807.0 57093.0 111052.0
55537.0 57073.0 110643.0
55421.0 56885.0 111001.0
55350.0 56879.0 111123.0
55660.0 57229.0 110846.0
55769.0 56885.0 110923.0
55070.0 57017.0 111159.0
55779.0 56931.0 111412.0
55861.0 56697.0 110793.0
55782.0 56935.0 110558.0
55555.0 56734.0 111626.0
54870.0 56988.0 110709.0
55624.0 56782.0 110817.0
55827.0 57017.0 111130.0
55481.0 56922.0 110962.0
55697.0 57129.0 111150.0
55509.0 56828.0 110662.0
55895.0 56668.0 110481.0
55739.0 57163.0 111094.0
55655.0 56901.0 110666.0
55141.0 56819.0 110795.0
55726.0 56852.0 111010.0
55382.0 56775.0 110365.0
55453.0 56671.0 111119.0
55556.0 56472.0 110432.0
89883.0 92214.0 179675.0
89607.0 91738.0 179932.0
90142.0 92612.0 179533.0
89886.0 91625.0 179855.0
89231.0 91702.0 179898.0
89311.0 91975.0 179978.0
89014.0 91932.0 178880.0
89331.0 92095.0 180148.0
90234.0 91906.0 180278.0
89560.0 92107.0 179927.0
89561.0 91995.0 180275.0
89087.0 91495.0 179916.0
89618.0 91705.0 180238.0
89804.0 91959.0 179591.0
89496.0 92159.0 179624.0
89600.0 92425.0 179402.0
89933.0 92013.0 179971.0
89877.0 92117.0 179227.0
89355.0 91548.0 179861.0
89543.0 92133.0 180428.0
89435.0 92017.0 180179.0
89982.0 91890.0 179229.0
89845.0 91471.0 180367.0
89434.0 91583.0 179765.0
89151.0 92101.0 179630.0
89744.0 91987.0 179753.0
89268.0 92004.0 179567.0
89937.0 92432.0 179405.0
89315.0 91655.0 179677.0
90094.0 91372.0 179758.0
142987.0 147685.0 288608.0
143098.0 147956.0 289171.0
142680.0 147034.0 288326.0
143213.0 147310.0 288787.0
143563.0 147506.0 288485.0
143444.0 146940.0 288320.0
142986.0 147543.0 288947.0
142866.0 147403.0 288697.0
143276.0 147610.0 288240.0
142962.0 146977.0 287921.0
143639.0 146757.0 288275.0
142202.0 146805.0 288159.0
143024.0 146184.0 289088.0
142867.0 147052.0 288671.0
143488.0 147216.0 289809.0
142986.0 147039.0 288915.0
143366.0 146836.0 288449.0
143540.0 147335.0 289659.0
142818.0 146561.0 288181.0
142556.0 147498.0 288787.0
142740.0 147549.0 288494.0
142688.0 147207.0 287302.0
143000.0 147317.0 288051.0
142819.0 146905.0 289127.0
143421.0 147537.0 288455.0
143132.0 147009.0 288592.0
143541.0 146742.0 289046.0
142828.0 146821.0 289356.0
143250.0 146837.0 287653.0
142920.0 146378.0 289305.0
222840.0 228989.0 451043.0
222970.0 229337.0 451715.0
222979.0 230023.0 450986.0
224028.0 229536.0 451947.0
223256.0 228880.0 451097.0
223043.0 228938.0 451000.0
223664.0 229854.0 450824.0
222883.0 229994.0 451668.0
223267.0 228756.0 452095.0
223052.0 229131.0 450986.0
223919.0 229351.0 451835.0
223077.0 228814.0 450760.0
223418.0 229773.0 452197.0
223107.0 229523.0 451536.0
223018.0 228690.0 451651.0
223516.0 229888.0 450654.0
223135.0 229913.0 450249.0
223873.0 228966.0 452083.0
223186.0 230004.0 451012.0
222174.0 229787.0 451311.0
223054.0 229445.0 450072.0
223092.0 230179.0 451366.0
223512.0 229402.0 450229.0
223712.0 229219.0 451288.0
222256.0 229949.0 449951.0
223533.0 228938.0 451294.0
223640.0 229299.0 450641.0
223874.0 229597.0 449700.0
223894.0 229410.0 451029.0
222816.0 228781.0 449027.0
373085.0 383390.0 754671.0
373547.0 384842.0 755241.0
373195.0 383604.0 755817.0
373350.0 383723.0 756777.0
373558.0 384076.0 754687.0
373284.0 383431.0 754614.0
373146.0 383483.0 755598.0
371840.0 383574.0 754987.0
373197.0 383754.0 755563.0
373537.0 383876.0 753774.0
373696.0 382475.0 755722.0
374451.0 384320.0 755851.0
372611.0 383723.0 755880.0
372603.0 383879.0 755033.0
372182.0 383880.0 755021.0
372883.0 383877.0 754188.0
373300.0 382452.0 754443.0
372167.0 384977.0 754319.0
373140.0 384099.0 755138.0
373692.0 384020.0 756137.0
373919.0 383073.0 755382.0
374248.0 383405.0 753991.0
373667.0 383477.0 754763.0
373964.0 383625.0 753202.0
372665.0 382949.0 755149.0
372518.0 383190.0 755782.0
372385.0 383719.0 754780.0
372721.0 382926.0 754769.0
373715.0 383559.0 754681.0
372955.0 384070.0 753646.0
561313.0 576311.0 1137386.0
560594.0 577018.0 1137537.0
562189.0 576621.0 1135647.0
559656.0 578306.0 1136040.0
560374.0 577124.0 1135898.0
561451.0 575369.0 1136253.0
559767.0 577232.0 1134503.0
561227.0 575877.0 1135810.0
560887.0 575460.0 1134372.0
562177.0 576474.0 1134077.0
561407.0 575733.0 1137575.0
560545.0 577331.0 1136854.0
560249.0 578099.0 1135765.0
560918.0 577538.0 1133765.0
560867.0 576576.0 1133773.0
561094.0 575236.0 1134850.0
561083.0 576681.0 1134549.0
560344.0 576708.0 1132079.0
561342.0 576544.0 1135433.0
560834.0 575900.0 1133317.0
560848.0 575445.0 1134811.0
560404.0 576467.0 1133097.0
559739.0 576691.0 1133684.0
560335.0 574317.0 1133670.0
560070.0 576371.0 1136415.0
559383.0 576445.0 1136039.0
560126.0 577119.0 1133853.0
559967.0 576115.0 1132267.0
560857.0 576266.0 1134308.0
560649.0 577988.0 1135164.0
893224.0 917278.0 1807772.0
892454.0 920249.0 1807404.0
892162.0 915966.0 1806515.0
892176.0 917247.0 1805957.0
893099.0 917548.0 1802481.0
891586.0 918828.0 1805140.0
892135.0 918656.0 1806958.0
891425.0 917190.0 1807018.0
890504.0 918818.0 1804847.0
891619.0 915596.0 1805598.0
893108.0 915736.0 1808230.0
892606.0 916019.0 1807960.0
890964.0 918071.0 1804569.0
893301.0 919110.0 1803589.0
892203.0 919286.0 1803472.0
890468.0 917934.0 1804832.0
892362.0 916994.0 1804600.0
891589.0 917174.0 1803917.0
890946.0 918438.0 1806107.0
891690.0 917648.0 1804281.0
891837.0 915327.0 1804219.0
888915.0 915521.0 1804700.0
890837.0 917097.0 1806354.0
890918.0 917325.0 1801593.0
891043.0 916685.0 1805137.0
889981.0 917781.0 1801651.0
890418.0 916027.0 1804173.0
890070.0 915706.0 1800651.0
890275.0 916495.0 1801459.0
889150.0 916938.0 1804644.0
1388128.0 1415841.0 2792300.0
1387689.0 1417530.0 2796143.0
1386015.0 1414426.0 2795125.0
1385022.0 1415459.0 2794873.0
1383591.0 1416316.0 2795729.0
1384661.0 1414282.0 2792843.0
1385317.0 1415122.0 2794332.0
1385874.0 1418245.0 2796328.0
1385596.0 1415020.0 2794052.0
1384687.0 1416717.0 2789819.0
1383849.0 1415820.0 2792318.0
1383582.0 1417235.0 2790870.0
1382355.0 1414201.0 2794135.0
1381779.0 1417288.0 2791147.0
1380942.0 1417306.0 2793154.0
1381346.0 1415180.0 2790426.0
1382760.0 1415396.0 2786660.0
1381473.0 1415324.0 2789263.0
1382512.0 1417982.0 2787263.0
1379737.0 1417095.0 2789909.0
1380164.0 1416077.0 2790152.0
1380095.0 1414593.0 2788522.0
1379851.0 1416565.0 2788213.0
1378601.0 1416887.0 2787743.0
1382525.0 1415265.0 2787756.0
1379845.0 1415621.0 2787483.0
1378209.0 1417822.0 2788197.0
1377746.0 1415469.0 2787013.0
1379558.0 1414923.0 2787514.0
1377217.0 1418516.0 2785946.0
2262475.0 2285180.0 4529546.0
2261643.0 2283361.0 4528063.0
2262269.0 2289128.0 4529853.0
2260688.0 2287701.0 4529487.0
2259134.0 2288085.0 4527647.0
2259873.0 2286922.0 4525727.0
2256355.0 2283745.0 4527775.0
2257400.0 2286378.0 4523543.0
2258818.0 2284906.0 4524739.0
2257188.0 2287136.0 4522639.0
2256042.0 2285728.0 4522504.0
2254922.0 2289191.0 4524302.0
2251724.0 2287151.0 4523955.0
2251988.0 2289178.0 4521202.0
2250517.0 2287621.0 4517761.0
2251720.0 2287428.0 4523532.0
2251425.0 2288989.0 4522793.0
2249869.0 2291363.0 4516582.0
2251501.0 2289310.0 4521637.0
2249384.0 2291982.0 4520392.0
2248086.0 2286778.0 4522160.0
2249898.0 2288556.0 4517825.0
2247953.0 2288026.0 4519215.0
2245863.0 2291101.0 4517366.0
2246130.0 2288062.0 4518110.0
2247423.0 2289251.0 4516977.0
2244037.0 2290065.0 4518725.0
2245650.0 2290184.0 4519773.0
2243875.0 2289440.0 4517227.0
2243584.0 2290492.0 4514973.0
3398134.0 3395107.0 6751680.0
3393957.0 3388391.0 6749798.0
3394126.0 3400616.0 6750123.0
3393427.0 3394857.0 6745538.0
3386727.0 3391658.0 6747269.0
3385885.0 3389204.0 6734333.0
3382798.0 3406340.0 6740015.0
3386527.0 3394273.0 6731782.0
3385920.0 3394770.0 6739844.0
3382399.0 3395721.0 6736333.0
3378584.0 3391994.0 6728357.0
3382910.0 3393766.0 6735312.0
3377179.0 3391852.0 6731745.0
3378200.0 3389039.0 6729085.0
3379243.0 3388904.0 6727378.0
3374542.0 3390581.0 6726958.0
3375838.0 3387422.0 6726531.0
3371524.0 3392421.0 6724418.0
3371973.0 3388876.0 6724041.0
3370627.0 3389256.0 6723403.0
3369506.0 3391729.0 6718137.0
3365807.0 3390433.0 6718419.0
3369794.0 3386313.0 6723123.0
3368991.0 3391967.0 6721530.0
3364592.0 3391176.0 6716283.0
3364814.0 3389480.0 6715448.0
3362446.0 3390954.0 6715881.0
3364803.0 3389489.0 6715410.0
3360937.0 3395280.0 6716885.0
3361030.0 3392650.0 6713689.0
5342540.0 5320880.0 10571240.0
5352200.0 5319860.0 10561200.0
5341340.0 5339160.0 10556960.0
5331860.0 5342660.0 10560000.0
5331620.0 5328440.0 10552640.0
5320820.0 5312240.0 10550880.0
5326480.0 5326920.0 10601420.0
5323880.0 5315800.0 10585920.0
5326500.0 5328920.0 10591920.0
5340160.0 5326940.0 10546000.0
5313940.0 5322760.0 10551060.0
5319900.0 5334880.0 10569560.0
5337100.0 5323320.0 10552200.0
5339360.0 5309280.0 10555600.0
5336900.0 5316660.0 10572840.0
5333760.0 5316180.0 10572980.0
5339800.0 5320360.0 10571780.0
5341560.0 5314200.0 10549180.0
5351540.0 5311560.0 10548640.0
5345340.0 5289620.0 10546440.0
5328400.0 5312140.0 10533980.0
5360280.0 5320960.0 10545200.0
5311060.0 5318120.0 10546800.0
5329740.0 5331480.0 10554960.0
5334020.0 5335620.0 10535280.0
5309440.0 5325360.0 10563720.0
5332000.0 5328400.0 10540320.0
5337980.0 5334260.0 10562260.0
5347140.0 5317080.0 10543440.0
5343160.0 5319680.0 10551420.0
8159440.0 8124680.0 16031620.0
8166180.0 8148100.0 16045580.0
8145060.0 8118460.0 16041900.0
8152000.0 8114700.0 15972140.0
8136740.0 8151040.0 16043180.0
8159660.0 8111140.0 16044500.0
8151560.0 8151000.0 16028100.0
8135620.0 8132040.0 16056540.0
8128700.0 8149860.0 16053140.0
8146580.0 8088420.0 16000020.0
8153440.0 8090320.0 16018440.0
8138280.0 8078160.0 16008220.0
8160620.0 8116880.0 16019540.0
8150460.0 8144500.0 16051960.0
8150960.0 8109140.0 16070040.0
8119100.0 8106860.0 16025020.0
8166780.0 8124200.0 16027260.0
8134240.0 8118100.0 16031040.0
8143280.0 8107900.0 16071020.0
8156640.0 8125300.0 15991600.0
8156080.0 8102520.0 16078560.0
8132820.0 8120380.0 16036640.0
8152740.0 8131920.0 16023220.0
8142360.0 8125140.0 16003280.0
8146620.0 8115980.0 15992820.0
8138300.0 8129460.0 16048520.0
8112540.0 8111360.0 16042760.0
8136100.0 8100280.0 16006240.0
8150380.0 8094860.0 16020120.0
8153380.0 8084120.0 16022900.0
12882220.0 12816200.0 25173260.0
12913700.0 12826400.0 25165160.0
12891200.0 12825200.0 25152540.0
12870720.0 12863700.0 25163420.0
12886240.0 12827600.0 25174000.0
12911560.0 12857100.0 25164040.0
12929780.0 12848660.0 25237860.0
12935400.0 12857640.0 25181360.0
12908240.0 12878240.0 25235060.0
12901120.0 12874020.0 25228000.0
12909120.0 12911000.0 25174140.0
12904140.0 12825600.0 25180740.0
12905040.0 12849540.0 25152140.0
12922940.0 12848440.0 25165500.0
12904460.0 12856200.0 25156440.0
12893680.0 12812120.0 25171880.0
12885380.0 12820820.0 25132820.0
12898060.0 12846260.0 25190340.0
12903520.0 12816880.0 25186500.0
12931960.0 12852020.0 25194920.0
12943900.0 12846740.0 25112260.0
12927120.0 12843600.0 25147060.0
12922020.0 12873300.0 25166440.0
12923280.0 12886840.0 25211940.0
12881540.0 12857600.0 25146300.0
12896520.0 12834040.0 25177380.0
12899140.0 12850020.0 25146280.0
12869760.0 12831680.0 25113320.0
12883480.0 12854020.0 25205260.0
12864140.0 12868200.0 25139300.0
19538020.0 19411060.0 37672640.0
19556560.0 19400860.0 37586160.0
19538400.0 19383080.0 37575880.0
19600160.0 19402620.0 37585800.0
19541540.0 19404480.0 37682300.0
19540580.0 19389860.0 37616200.0
19535300.0 19457200.0 37661280.0
19513540.0 19476140.0 37636020.0
19574200.0 19438820.0 37602300.0
19499720.0 19457200.0 37634580.0
19500460.0 19387360.0 37608080.0
19562300.0 19490180.0 37549600.0
19545320.0 19440080.0 37639240.0
19606580.0 19406380.0 37587620.0
19554220.0 19485680.0 37668820.0
19552140.0 19489920.0 37650520.0
19567440.0 19490140.0 37590840.0
19567560.0 19420540.0 37601720.0
19562680.0 19419060.0 37595620.0
19566960.0 19466220.0 37628820.0
19542540.0 19417880.0 37656340.0
19562740.0 19466740.0 37604960.0
19563920.0 19462000.0 37624940.0
19572460.0 19392680.0 37576900.0
19547100.0 19462180.0 37704000.0
19561900.0 19445800.0 37680620.0
19559020.0 19390800.0 37573080.0
19564200.0 19417180.0 37699440.0
19536220.0 19397860.0 37558420.0
19502800.0 19407460.0 37588040.0
28968420.0 28733340.0 54707940.0
28899960.0 28589440.0 54650020.0
28928560.0 28655500.0 54657560.0
28965100.0 28721400.0 54658000.0
28914840.0 28631700.0 54633760.0
28911820.0 28605220.0 54525780.0
28919160.0 28592180.0 54682800.0
28937340.0 28665580.0 54685920.0
28894500.0 28759600.0 54738580.0
28893760.0 28674600.0 54685140.0
28910180.0 28686220.0 54600460.0
28898520.0 28568600.0 54671600.0
28859600.0 28653560.0 54608200.0
28963160.0 28738000.0 54576920.0
28914400.0 28691660.0 54698860.0
28985080.0 28612740.0 54560940.0
28962200.0 28642300.0 54693120.0
28956440.0 28742200.0 54723560.0
28972500.0 28723800.0 54635360.0
28866600.0 28631320.0 54665220.0
28904960.0 28655940.0 54560480.0
28991220.0 28670260.0 54655860.0
28890460.0 28703260.0 54541100.0
28885880.0 28643660.0 54661440.0
28954960.0 28716000.0 54657000.0
28866540.0 28711240.0 54655700.0
28812940.0 28667300.0 54613700.0
28877380.0 28730120.0 54672040.0
28882360.0 28719940.0 54694520.0
28897340.0 28763500.0 54497820.0
45687960.0 45478340.0 84158140.0
45822520.0 45604660.0 84051360.0
45854480.0 45481640.0 84087340.0
45895380.0 45482820.0 84096720.0
45824700.0 45406700.0 84161980.0
45871340.0 45416320.0 83936720.0
45794040.0 45516620.0 84192440.0
45891340.0 45355180.0 83991820.0
45866320.0 45391160.0 83965520.0
45957180.0 45429540.0 83934560.0
45836260.0 45312360.0 83911600.0
45756900.0 45380160.0 84054800.0
45901680.0 45381280.0 84003980.0
45772460.0 45495160.0 83929280.0
45751220.0 45551240.0 84102920.0
45919840.0 45359960.0 84093700.0
45826420.0 45479000.0 83984920.0
45808740.0 45509100.0 83983560.0
45782360.0 45423980.0 83912500.0
45844700.0 45369440.0 84130620.0
45894300.0 45383460.0 84094440.0
45821420.0 45449880.0 83933460.0
45733420.0 45427020.0 83877200.0
45701000.0 45473540.0 83969580.0
45714920.0 45470980.0 83986100.0
45792440.0 45485960.0 83945740.0
45740620.0 45630460.0 84236600.0
45704600.0 45368240.0 84012180.0
45870460.0 45401540.0 83848080.0
45777260.0 45338860.0 83855300.0
68023460.0 67192780.0 119595060.0
68136260.0 67216880.0 119761960.0
68122660.0 67197180.0 119873080.0
67999920.0 67286120.0 119879340.0
68126260.0 67191600.0 119844600.0
68030120.0 67276240.0 119828020.0
68195660.0 67204140.0 119913620.0
68056680.0 67181420.0 119716600.0
68040680.0 67345520.0 119641940.0
68016660.0 67117020.0 119731860.0
68119160.0 67108400.0 119706720.0
67869740.0 67236740.0 119724720.0
68023420.0 67090240.0 119570940.0
68047680.0 67296540.0 119737060.0
68032480.0 67145900.0 119828040.0
68098020.0 67239160.0 119872460.0
68042740.0 67271400.0 119756800.0
67988060.0 67316100.0 119864560.0
67974440.0 67396420.0 119719940.0
67959780.0 67134360.0 119731400.0
67846880.0 67257240.0 119598380.0
68040320.0 67244560.0 119820800.0
68022620.0 67339120.0 119934440.0
68154000.0 67286260.0 119887880.0
68037780.0 67292480.0 119726800.0
67837920.0 67289640.0 119868660.0
67959000.0 67239760.0 119574960.0
67833820.0 67397300.0 119763160.0
67997840.0 67308140.0 119770180.0
67929360.0 67267380.0 119635720.0
100910520.0 99696760.0 168393300.0
101209460.0 99335340.0 168093680.0
100904520.0 99884600.0 168434200.0
101124840.0 99572340.0 168224220.0
100872860.0 99658600.0 168286180.0
100831440.0 99709400.0 168203540.0
100741260.0 99231820.0 168243880.0
100575060.0 99349220.0 168119680.0
100767760.0 99425020.0 168126080.0
100763640.0 99449700.0 168152580.0
100870920.0 99231240.0 168197120.0
100810840.0 99353660.0 168089660.0
100955960.0 99255780.0 168159420.0
100915120.0 99434260.0 168064460.0
100741040.0 99428440.0 168176560.0
100771240.0 99403420.0 168178880.0
100885040.0 99522540.0 168313720.0
100971800.0 99622600.0 168195960.0
100888180.0 99524400.0 168547340.0
100908720.0 99668480.0 168345140.0
100831180.0 99664260.0 168111860.0
100932700.0 99575800.0 168272800.0
100655260.0 99682960.0 168244380.0
100868200.0 99656640.0 168292480.0
100989960.0 99725040.0 168587100.0
100922360.0 99634080.0 168215000.0
100862660.0 99435720.0 168302880.0
100794660.0 99691580.0 168081600.0
100799360.0 99547160.0 168297580.0
100688720.0 99572220.0 168196860.0
142320620.0 140107440.0 222773600.0
141983380.0 140105640.0 222652160.0
142285060.0 140080180.0 222899120.0
142391660.0 140561900.0 223311620.0
142228720.0 140439720.0 223393400.0
142335600.0 139953560.0 222953620.0
142304600.0 140634140.0 222947940.0
141905100.0 140191700.0 222685000.0
142033760.0 140096360.0 223043940.0
142141860.0 140243700.0 222940340.0
142268880.0 140159860.0 222811560.0
142289380.0 140016760.0 223018160.0
142099120.0 140228260.0 222996560.0
142124140.0 140246060.0 222915740.0
142197520.0 140256620.0 222845360.0
141974680.0 140094980.0 222852880.0
142324600.0 140195560.0 222936760.0
142251820.0 140198840.0 223000380.0
142095160.0 140357780.0 222951440.0
142049760.0 140035800.0 222825400.0
141945240.0 140162020.0 223000900.0
141937540.0 139934820.0 222771020.0
141913760.0 140128820.0 222762220.0
142084000.0 140131080.0 222776220.0
141872320.0 140126520.0 222648360.0
142041640.0 140164660.0 222847180.0
141739080.0 139862820.0 222646320.0
142033620.0 140183280.0 222763620.0
141986740.0 140290140.0 222768420.0
142076860.0 140351760.0 222850260.0
192079700.0 189288280.0 281365100.0
191902220.0 188959060.0 281376920.0
192277520.0 189174980.0 281549080.0
192179020.0 189549660.0 281454580.0
192185260.0 189265040.0 281884140.0
191972280.0 189591940.0 281961480.0
192145320.0 189350900.0 281584960.0
192060220.0 189212500.0 281723800.0
192198860.0 189564160.0 281483300.0
192329720.0 189259420.0 281528580.0
192080740.0 189566360.0 281611120.0
191845000.0 189366080.0 281542800.0
192159600.0 189616980.0 281668640.0
192267060.0 189447720.0 281884160.0
192057240.0 189144140.0 281240080.0
191917200.0 189178280.0 281478540.0
192011660.0 189433740.0 281299820.0
191806220.0 189027420.0 281547380.0
191840820.0 189451620.0 281267460.0
191837920.0 189122320.0 281301760.0
192012520.0 189626460.0 281407900.0
191772160.0 189637160.0 281383660.0
192088440.0 189115160.0 281145240.0
192169220.0 189280100.0 281852920.0
192139240.0 189284860.0 281411840.0
192024680.0 189234020.0 281391200.0
191830060.0 189472160.0 281429360.0
191863680.0 189180580.0 281388660.0
192042160.0 189331440.0 281390720.0
191976640.0 189323820.0 281457040.0
270833720.0 267468800.0 361592340.0
270977180.0 267374820.0 361714480.0
270783920.0 267240020.0 361720360.0
270939600.0 267847700.0 361605380.0
270547480.0 267753160.0 361678860.0
270967080.0 267895560.0 361839020.0
271210080.0 267554220.0 361768800.0
271076920.0 267494080.0 361851620.0
270928020.0 267606680.0 361791580.0
270897960.0 267513900.0 361811780.0
270776160.0 267913720.0 361853260.0
270951040.0 267705060.0 361661320.0
270618320.0 267876380.0 361815720.0
270909460.0 267375620.0 361572300.0
270969580.0 267659940.0 361441560.0
270891400.0 267353200.0 361537500.0
270680860.0 267667360.0 361581500.0
270775060.0 267458380.0 361224180.0
270615300.0 267343060.0 361495780.0
270718720.0 267505820.0 361589980.0
270668140.0 267521060.0 361420400.0
270703780.0 267301480.0 361501260.0
270697580.0 267691080.0 361136080.0
270599680.0 267296300.0 361550640.0
270620400.0 267858760.0 361563360.0
270826280.0 267627580.0 361323600.0
270498400.0 267554180.0 361225760.0
270183620.0 266994100.0 361112040.0
270457240.0 267626500.0 361490320.0
270307440.0 267637600.0 361082300.0