353.0 332.0 327.0
328.0 346.0 343.0
325.0 338.0 352.0
374.0 334.0 362.0
382.0 364.0 400.0
348.0 351.0 361.0
358.0 341.0 351.0
376.0 362.0 383.0
351.0 364.0 379.0
317.0 337.0 348.0
375.0 328.0 349.0
387.0 322.0 349.0
360.0 349.0 365.0
382.0 324.0 339.0
384.0 403.0 366.0
370.0 341.0 336.0
370.0 380.0 343.0
352.0 387.0 340.0
358.0 362.0 352.0
364.0 344.0 376.0
335.0 359.0 372.0
386.0 369.0 394.0
349.0 372.0 355.0
337.0 374.0 350.0
378.0 343.0 351.0
348.0 343.0 323.0
373.0 362.0 367.0
359.0 360.0 374.0
348.0 345.0 350.0
380.0 363.0 339.0
360.0 331.0 325.0
357.0 366.0 388.0
363.0 364.0 371.0
350.0 375.0 344.0
334.0 356.0 378.0
334.0 346.0 343.0
406.0 379.0 363.0
366.0 341.0 360.0
350.0 309.0 348.0
335.0 347.0 368.0
335.0 355.0 364.0
356.0 367.0 378.0
397.0 369.0 385.0
358.0 360.0 363.0
377.0 344.0 371.0
330.0 335.0 355.0
356.0 371.0 370.0
361.0 353.0 353.0
361.0 377.0 352.0
353.0 361.0 376.0
313.0 353.0 389.0
346.0 347.0 362.0
355.0 350.0 364.0
334.0 344.0 370.0
378.0 319.0 351.0
381.0 375.0 366.0
323.0 360.0 339.0
368.0 359.0 348.0
343.0 395.0 357.0
349.0 310.0 376.0
343.0 341.0 353.0
377.0 357.0 368.0
350.0 345.0 355.0
348.0 331.0 366.0
382.0 348.0 364.0
354.0 365.0 361.0
363.0 351.0 361.0
366.0 353.0 375.0
347.0 367.0 349.0
378.0 362.0 388.0
326.0 361.0 348.0
350.0 382.0 355.0
363.0 322.0 384.0
353.0 352.0 331.0
328.0 404.0 359.0
378.0 375.0 358.0
356.0 324.0 416.0
389.0 366.0 338.0
373.0 366.0 365.0
355.0 357.0 329.0
372.0 356.0 372.0
333.0 364.0 378.0
361.0 371.0 358.0
368.0 358.0 357.0
388.0 377.0 383.0
377.0 337.0 374.0
329.0 360.0 352.0
342.0 352.0 383.0
327.0 350.0 324.0
350.0 350.0 362.0
365.0 330.0 333.0
368.0 363.0 372.0
344.0 378.0 359.0
379.0 352.0 355.0
356.0 386.0 382.0
385.0 371.0 401.0
382.0 362.0 328.0
349.0 385.0 378.0
363.0 348.0 388.0
351.0 386.0 369.0
345.0 369.0 340.0
378.0 342.0 364.0
372.0 368.0 356.0
342.0 376.0 368.0
350.0 362.0 374.0
350.0 303.0 356.0
362.0 340.0 369.0
340.0 326.0 355.0
388.0 377.0 358.0
355.0 347.0 368.0
384.0 352.0 367.0
360.0 347.0 344.0
383.0 357.0 343.0
353.0 342.0 386.0
356.0 373.0 360.0
369.0 362.0 423.0
354.0 400.0 360.0
398.0 358.0 367.0
364.0 356.0 349.0
356.0 333.0 352.0
335.0 307.0 360.0
357.0 343.0 321.0
362.0 366.0 334.0
365.0 361.0 361.0
349.0 388.0 360.0
360.0 369.0 377.0
349.0 320.0 369.0
391.0 364.0 348.0
409.0 346.0 419.0
358.0 351.0 345.0
362.0 354.0 359.0
359.0 345.0 318.0
415.0 325.0 374.0
337.0 332.0 366.0
356.0 378.0 386.0
344.0 351.0 350.0
356.0 339.0 353.0
370.0 340.0 334.0
364.0 373.0 384.0
401.0 366.0 385.0
358.0 341.0 337.0
358.0 372.0 375.0
375.0 351.0 350.0
331.0 360.0 359.0
369.0 341.0 349.0
369.0 359.0 342.0
382.0 337.0 353.0
343.0 367.0 386.0
355.0 366.0 402.0
361.0 373.0 371.0
362.0 338.0 381.0
331.0 369.0 387.0
373.0 343.0 337.0
353.0 367.0 366.0
360.0 383.0 416.0
346.0 365.0 371.0
372.0 364.0 365.0
361.0 372.0 327.0
319.0 375.0 374.0
370.0 345.0 337.0
337.0 349.0 389.0
364.0 367.0 384.0
384.0 312.0 349.0
353.0 392.0 367.0
355.0 366.0 365.0
398.0 341.0 367.0
349.0 355.0 397.0
355.0 323.0 368.0
331.0 357.0 353.0
351.0 344.0 357.0
342.0 355.0 364.0
357.0 364.0 405.0
315.0 319.0 376.0
350.0 361.0 390.0
380.0 384.0 383.0
342.0 341.0 375.0
350.0 375.0 362.0
362.0 341.0 339.0
373.0 348.0 356.0
389.0 375.0 400.0
359.0 373.0 385.0
324.0 392.0 366.0
381.0 363.0 383.0
377.0 352.0 387.0
366.0 358.0 370.0
332.0 357.0 398.0
376.0 326.0 381.0
345.0 372.0 406.0
376.0 358.0 405.0
364.0 353.0 399.0
328.0 372.0 371.0
386.0 386.0 398.0
354.0 380.0 340.0
350.0 352.0 419.0
389.0 342.0 385.0
402.0 371.0 383.0
398.0 377.0 400.0
364.0 385.0 364.0
375.0 386.0 370.0
383.0 368.0 378.0
352.0 390.0 386.0
382.0 346.0 387.0
381.0 347.0 379.0
331.0 376.0 389.0
350.0 374.0 355.0
370.0 374.0 387.0
370.0 377.0 368.0
381.0 362.0 385.0
394.0 343.0 379.0
379.0 373.0 393.0
385.0 345.0 426.0
399.0 359.0 379.0
338.0 359.0 384.0
373.0 354.0 388.0
376.0 375.0 373.0
384.0 378.0 385.0
368.0 346.0 379.0
364.0 397.0 391.0
394.0 370.0 369.0
357.0 379.0 395.0
366.0 388.0 375.0
357.0 367.0 387.0
377.0 367.0 397.0
344.0 369.0 382.0
351.0 407.0 374.0
375.0 360.0 393.0
377.0 361.0 357.0
397.0 407.0 329.0
417.0 408.0 390.0
413.0 381.0 378.0
405.0 350.0 400.0
368.0 363.0 379.0
390.0 391.0 380.0
358.0 375.0 423.0
397.0 379.0 396.0
381.0 364.0 394.0
374.0 390.0 383.0
396.0 362.0 378.0
392.0 357.0 414.0
406.0 341.0 401.0
409.0 364.0 427.0
373.0 367.0 447.0
395.0 389.0 436.0
416.0 343.0 382.0
436.0 374.0 425.0
379.0 367.0 417.0
374.0 407.0 404.0
410.0 409.0 400.0
379.0 410.0 404.0
393.0 384.0 444.0
374.0 381.0 415.0
371.0 354.0 414.0
392.0 379.0 409.0
376.0 375.0 424.0
381.0 362.0 387.0
376.0 383.0 387.0
372.0 397.0 390.0
410.0 369.0 411.0
378.0 388.0 402.0
368.0 391.0 418.0
364.0 380.0 400.0
411.0 376.0 428.0
384.0 399.0 442.0
375.0 363.0 417.0
384.0 367.0 396.0
390.0 394.0 404.0
368.0 393.0 423.0
398.0 421.0 419.0
390.0 363.0 416.0
401.0 423.0 442.0
404.0 380.0 471.0
409.0 389.0 464.0
426.0 412.0 505.0
405.0 401.0 481.0
404.0 419.0 526.0
417.0 415.0 501.0
415.0 399.0 480.0
433.0 442.0 464.0
394.0 389.0 468.0
417.0 416.0 443.0
412.0 388.0 465.0
396.0 430.0 461.0
391.0 434.0 441.0
424.0 423.0 457.0
422.0 423.0 477.0
416.0 408.0 492.0
451.0 453.0 506.0
384.0 391.0 452.0
422.0 394.0 452.0
409.0 398.0 453.0
438.0 419.0 478.0
453.0 431.0 474.0
429.0 431.0 498.0
423.0 434.0 482.0
383.0 410.0 488.0
416.0 429.0 452.0
433.0 397.0 475.0
381.0 406.0 469.0
414.0 433.0 486.0
398.0 439.0 478.0
472.0 433.0 542.0
482.0 415.0 531.0
466.0 451.0 548.0
464.0 459.0 572.0
453.0 455.0 541.0
441.0 447.0 580.0
398.0 454.0 597.0
461.0 485.0 569.0
488.0 415.0 531.0
437.0 440.0 575.0
450.0 479.0 537.0
441.0 451.0 551.0
468.0 419.0 566.0
448.0 489.0 534.0
415.0 489.0 565.0
450.0 459.0 557.0
465.0 443.0 521.0
473.0 445.0 574.0
442.0 456.0 525.0
468.0 475.0 549.0
433.0 451.0 567.0
452.0 455.0 588.0
459.0 467.0 556.0
458.0 419.0 576.0
423.0 442.0 559.0
439.0 425.0 585.0
449.0 410.0 582.0
469.0 453.0 537.0
447.0 451.0 560.0
452.0 478.0 564.0
547.0 518.0 691.0
542.0 556.0 748.0
527.0 512.0 726.0
531.0 543.0 700.0
531.0 511.0 733.0
513.0 499.0 695.0
506.0 548.0 773.0
509.0 550.0 678.0
530.0 554.0 728.0
591.0 539.0 688.0
529.0 539.0 802.0
512.0 540.0 713.0
551.0 537.0 713.0
566.0 558.0 722.0
535.0 532.0 745.0
517.0 541.0 741.0
546.0 569.0 715.0
514.0 513.0 747.0
517.0 516.0 680.0
536.0 563.0 729.0
520.0 576.0 752.0
535.0 559.0 728.0
511.0 502.0 742.0
549.0 524.0 682.0
519.0 523.0 703.0
541.0 529.0 715.0
574.0 524.0 741.0
552.0 498.0 726.0
565.0 573.0 728.0
530.0 518.0 725.0
653.0 649.0 1005.0
666.0 658.0 950.0
680.0 657.0 1038.0
680.0 682.0 1013.0
630.0 626.0 925.0
625.0 694.0 949.0
658.0 674.0 929.0
643.0 641.0 988.0
684.0 665.0 994.0
691.0 643.0 990.0
675.0 686.0 951.0
701.0 645.0 1010.0
689.0 658.0 925.0
653.0 625.0 968.0
671.0 649.0 1014.0
700.0 657.0 933.0
661.0 697.0 950.0
618.0 660.0 964.0
681.0 649.0 970.0
691.0 661.0 956.0
654.0 681.0 952.0
644.0 669.0 1033.0
636.0 690.0 938.0
679.0 640.0 992.0
645.0 640.0 988.0
668.0 645.0 942.0
638.0 658.0 1012.0
664.0 688.0 981.0
683.0 681.0 939.0
593.0 640.0 1023.0
858.0 918.0 1389.0
920.0 878.0 1425.0
884.0 949.0 1473.0
943.0 897.0 1426.0
903.0 919.0 1458.0
900.0 912.0 1429.0
916.0 949.0 1388.0
914.0 880.0 1404.0
936.0 895.0 1438.0
927.0 905.0 1505.0
875.0 828.0 1433.0
866.0 946.0 1395.0
917.0 847.0 1432.0
918.0 856.0 1367.0
846.0 860.0 1516.0
921.0 922.0 1483.0
905.0 875.0 1483.0
901.0 923.0 1429.0
902.0 917.0 1460.0
908.0 907.0 1456.0
849.0 871.0 1416.0
919.0 872.0 1403.0
880.0 884.0 1403.0
918.0 940.0 1422.0
887.0 883.0 1458.0
891.0 857.0 1473.0
934.0 882.0 1493.0
882.0 848.0 1384.0
902.0 861.0 1421.0
909.0 925.0 1445.0
1366.0 1233.0 2135.0
1229.0 1205.0 2270.0
1251.0 1256.0 2239.0
1312.0 1229.0 2208.0
1276.0 1315.0 2085.0
1227.0 1211.0 2025.0
1283.0 1244.0 2093.0
1316.0 1234.0 2148.0
1237.0 1220.0 2184.0
1298.0 1216.0 2161.0
1262.0 1245.0 2185.0
1347.0 1254.0 2199.0
1247.0 1243.0 2226.0
1240.0 1315.0 2150.0
1281.0 1218.0 2123.0
1195.0 1208.0 2174.0
1244.0 1180.0 2249.0
1284.0 1259.0 2137.0
1299.0 1219.0 2172.0
1283.0 1280.0 2171.0
1282.0 1262.0 2138.0
1243.0 1277.0 2166.0
1297.0 1139.0 2153.0
1208.0 1306.0 2190.0
1285.0 1252.0 2080.0
1277.0 1245.0 2130.0
1319.0 1274.0 2182.0
1319.0 1259.0 2148.0
1240.0 1251.0 2181.0
1296.0 1326.0 2146.0
1682.0 1669.0 2996.0
1779.0 1742.0 3100.0
1717.0 1725.0 3008.0
1739.0 1727.0 3014.0
1709.0 1692.0 3116.0
1812.0 1641.0 3097.0
1731.0 1645.0 3012.0
1742.0 1636.0 3183.0
1782.0 1733.0 3129.0
1669.0 1589.0 3032.0
1679.0 1736.0 3165.0
1705.0 1611.0 2940.0
1773.0 1718.0 3086.0
1696.0 1628.0 3002.0
1677.0 1734.0 3065.0
1736.0 1689.0 2996.0
1674.0 1741.0 3143.0
1666.0 1714.0 3108.0
1738.0 1741.0 3045.0
1719.0 1664.0 3048.0
1697.0 1707.0 3071.0
1672.0 1755.0 3070.0
1754.0 1726.0 3096.0
1676.0 1634.0 3070.0
1734.0 1636.0 3104.0
1700.0 1699.0 3062.0
1670.0 1651.0 3091.0
1630.0 1692.0 3029.0
1766.0 1657.0 3154.0
1685.0 1718.0 3053.0
2491.0 2496.0 4692.0
2593.0 2517.0 4805.0
2495.0 2545.0 4827.0
2518.0 2506.0 4697.0
2460.0 2629.0 4699.0
2510.0 2519.0 4693.0
2596.0 2598.0 4763.0
2592.0 2552.0 4801.0
2541.0 2489.0 4762.0
2603.0 2524.0 4629.0
2586.0 2453.0 4725.0
2619.0 2617.0 4838.0
2523.0 2474.0 4751.0
2520.0 2577.0 4711.0
2502.0 2551.0 4711.0
2584.0 2498.0 4638.0
2462.0 2514.0 4678.0
2545.0 2462.0 4608.0
2544.0 2471.0 4830.0
2495.0 2530.0 4747.0
2558.0 2495.0 4847.0
2600.0 2570.0 4791.0
2589.0 2545.0 4696.0
2568.0 2446.0 4747.0
2533.0 2532.0 4765.0
2503.0 2379.0 4677.0
2516.0 2517.0 4781.0
2563.0 2546.0 4800.0
2425.0 2506.0 4632.0
2509.0 2510.0 4766.0
3977.0 3802.0 7362.0
3972.0 3845.0 7454.0
3792.0 3832.0 7467.0
3991.0 3763.0 7363.0
3881.0 3844.0 7273.0
3894.0 3930.0 7387.0
3822.0 3842.0 7312.0
3826.0 3829.0 7406.0
3916.0 3776.0 7507.0
3943.0 4021.0 7432.0
3822.0 3851.0 7437.0
3803.0 3941.0 7235.0
3839.0 3830.0 7391.0
3928.0 3902.0 7433.0
3845.0 3821.0 7500.0
3829.0 3771.0 7330.0
3909.0 3804.0 7416.0
3870.0 3873.0 7431.0
3981.0 3848.0 7273.0
3852.0 3695.0 7489.0
3898.0 3871.0 7402.0
3859.0 3808.0 7400.0
3815.0 3829.0 7406.0
3822.0 3807.0 7283.0
3940.0 3804.0 7297.0
3979.0 3803.0 7361.0
3813.0 3787.0 7449.0
3949.0 3830.0 7281.0
3778.0 3894.0 7544.0
3905.0 3889.0 7379.0
6280.0 6238.0 12650.0
6447.0 6395.0 12546.0
6349.0 6420.0 12430.0
6307.0 6418.0 12407.0
6393.0 6416.0 12456.0
6476.0 6259.0 12359.0
6419.0 6507.0 12686.0
6369.0 6403.0 12534.0
6494.0 6396.0 12461.0
6479.0 6334.0 12399.0
6333.0 6374.0 12716.0
6325.0 6356.0 12461.0
6565.0 6350.0 12397.0
6425.0 6405.0 12395.0
6358.0 6367.0 12394.0
6396.0 6325.0 12288.0
6388.0 6391.0 12624.0
6573.0 6304.0 12520.0
6489.0 6386.0 12601.0
6420.0 6398.0 12251.0
6297.0 6445.0 12532.0
6436.0 6263.0 12463.0
6416.0 6302.0 12669.0
6320.0 6351.0 12352.0
6319.0 6354.0 12395.0
6608.0 6370.0 12500.0
6461.0 6439.0 12411.0
6434.0 6460.0 12460.0
6515.0 6327.0 12466.0
6420.0 6422.0 12352.0
9757.0 9581.0 19058.0
9639.0 9540.0 18962.0
9692.0 9617.0 18874.0
9511.0 9649.0 18922.0
9656.0 9602.0 18858.0
9768.0 9439.0 18774.0
9555.0 9646.0 18899.0
9432.0 9565.0 18822.0
9659.0 9507.0 18877.0
9753.0 9524.0 19019.0
9601.0 9586.0 18854.0
9607.0 9520.0 19355.0
9837.0 9403.0 18833.0
9614.0 9578.0 18811.0
9633.0 9442.0 19176.0
9646.0 9563.0 19007.0
9530.0 9681.0 18927.0
9616.0 9525.0 18808.0
9709.0 9625.0 19069.0
9572.0 9323.0 18982.0
9561.0 9489.0 18819.0
9571.0 9585.0 18852.0
9655.0 9680.0 18866.0
9581.0 9653.0 18968.0
9724.0 9459.0 18860.0
9669.0 9578.0 19100.0
9722.0 9623.0 18924.0
9695.0 9615.0 19103.0
9607.0 9572.0 18642.0
9974.0 9493.0 18739.0
14454.0 14232.0 28371.0
14188.0 14305.0 27738.0
14282.0 14171.0 28180.0
14254.0 14170.0 28551.0
14367.0 14127.0 28141.0
14264.0 14257.0 28291.0
14120.0 14254.0 28134.0
14356.0 13961.0 28246.0
14421.0 14185.0 28253.0
14300.0 14243.0 28309.0
14358.0 14199.0 28053.0
14403.0 14052.0 27998.0
14319.0 14114.0 28119.0
14288.0 14184.0 28314.0
14166.0 14253.0 28430.0
14305.0 14318.0 28100.0
14263.0 14221.0 28193.0
14169.0 14329.0 28163.0
14274.0 14082.0 28434.0
14205.0 13999.0 28177.0
14351.0 14225.0 28390.0
14138.0 14109.0 28079.0
14557.0 14218.0 28154.0
14481.0 14071.0 28133.0
14521.0 14187.0 28194.0
14422.0 14177.0 28293.0
14153.0 14067.0 28282.0
14529.0 14101.0 28378.0
14378.0 14031.0 27942.0
14226.0 14058.0 28235.0
22655.0 22396.0 44905.0
22717.0 22454.0 44852.0
22643.0 22570.0 44623.0
22538.0 22385.0 45264.0
22697.0 22446.0 44925.0
22785.0 22466.0 45069.0
22536.0 22650.0 44616.0
22877.0 22581.0 44950.0
23060.0 22471.0 45496.0
22696.0 22371.0 45102.0
22736.0 22381.0 44853.0
22772.0 22554.0 45028.0
22462.0 22538.0 44783.0
22748.0 22311.0 44776.0
22725.0 22515.0 45280.0
22869.0 22404.0 44423.0
22842.0 22460.0 45050.0
22534.0 22486.0 44590.0
22655.0 22406.0 44779.0
22887.0 22579.0 44709.0
22666.0 22323.0 44712.0
22734.0 22527.0 45100.0
22535.0 22423.0 44649.0
22625.0 22390.0 45250.0
22582.0 22373.0 45193.0
22526.0 22211.0 45029.0
22542.0 22530.0 45008.0
22625.0 22374.0 45355.0
22690.0 22398.0 45112.0
22770.0 22538.0 44351.0
35114.0 34617.0 69758.0
34882.0 34242.0 69294.0
34918.0 34724.0 69586.0
34616.0 34775.0 68797.0
34921.0 34543.0 69410.0
35346.0 34338.0 69370.0
34764.0 34570.0 69263.0
34868.0 34373.0 69302.0
34930.0 34546.0 69605.0
34712.0 34252.0 69452.0
34850.0 34759.0 69290.0
34622.0 34826.0 69675.0
34988.0 34739.0 69144.0
34705.0 34339.0 69459.0
34933.0 34475.0 69305.0
34909.0 34427.0 69418.0
35194.0 34191.0 69328.0
35153.0 34458.0 69486.0
35157.0 34676.0 69484.0
34922.0 34854.0 69308.0
35180.0 34356.0 69583.0
34629.0 34292.0 69699.0
35068.0 34458.0 69485.0
34737.0 34505.0 69286.0
34977.0 34416.0 69233.0
35102.0 34418.0 69197.0
34769.0 34630.0 69746.0
34605.0 34673.0 69360.0
35009.0 34386.0 69476.0
34975.0 34656.0 70003.0
52648.0 52135.0 105667.0
52554.0 52433.0 105297.0
52507.0 52148.0 104860.0
53121.0 52733.0 105097.0
53156.0 52463.0 105062.0
52293.0 52340.0 104619.0
52831.0 51980.0 105481.0
53123.0 52282.0 105321.0
52961.0 52300.0 104368.0
53283.0 52636.0 105212.0
53024.0 52646.0 104872.0
52726.0 52226.0 104955.0
52912.0 52130.0 105089.0
53005.0 52200.0 105007.0
52703.0 51947.0 104855.0
52471.0 52449.0 104747.0
52830.0 52214.0 105490.0
52503.0 52677.0 104816.0
52828.0 52119.0 104640.0
52869.0 52289.0 104877.0
52934.0 52299.0 104564.0
52641.0 51959.0 105110.0
52759.0 52164.0 105503.0
52601.0 52456.0 105175.0
53024.0 52332.0 104822.0
53019.0 52081.0 105054.0
52714.0 52287.0 104848.0
52618.0 52264.0 105053.0
52650.0 52148.0 105563.0
52758.0 52369.0 105278.0
79016.0 77999.0 156450.0
78834.0 78107.0 156656.0
78334.0 78632.0 156157.0
78422.0 77888.0 156807.0
78555.0 78206.0 156924.0
78835.0 78172.0 156948.0
78538.0 77802.0 156610.0
78320.0 78232.0 156987.0
78377.0 78106.0 155606.0
78376.0 77505.0 157334.0
78581.0 78253.0 157087.0
79529.0 76892.0 156842.0
78125.0 77656.0 155809.0
78497.0 78032.0 156853.0
78833.0 78063.0 156957.0
78679.0 78220.0 156914.0
78758.0 77704.0 156591.0
78156.0 78333.0 156917.0
78528.0 78254.0 156681.0
78549.0 78289.0 157498.0
78359.0 78051.0 157221.0
78426.0 78105.0 156695.0
79060.0 77598.0 155894.0
78650.0 77881.0 156870.0
78833.0 78272.0 157198.0
78968.0 78080.0 156826.0
78905.0 77806.0 156407.0
78557.0 77653.0 156797.0
78748.0 77962.0 157197.0
79144.0 78281.0 157647.0
115882.0 114769.0 230515.0
116017.0 114959.0 231439.0
116043.0 114704.0 230282.0
116050.0 114883.0 231646.0
115621.0 114733.0 231475.0
115368.0 114764.0 230568.0
116101.0 115175.0 230287.0
115888.0 114514.0 231632.0
116234.0 114604.0 230998.0
116051.0 114980.0 231697.0
115564.0 114410.0 231025.0
115685.0 114841.0 231052.0
115747.0 115006.0 231388.0
115483.0 115025.0 230048.0
115473.0 114345.0 230753.0
115945.0 114791.0 230563.0
115601.0 114287.0 230194.0
115675.0 114516.0 230684.0
115967.0 114798.0 230562.0
115532.0 114816.0 231005.0
116413.0 114230.0 229639.0
115803.0 115677.0 230173.0
115160.0 114557.0 230622.0
115681.0 114702.0 230585.0
115174.0 114956.0 229959.0
116320.0 114456.0 230143.0
115565.0 114854.0 231167.0
116124.0 115106.0 230893.0
115700.0 114716.0 230866.0
116014.0 115013.0 231123.0
180685.0 177696.0 358148.0
179846.0 178109.0 358250.0
179308.0 177541.0 357978.0
179137.0 177807.0 358209.0
179887.0 177421.0 358387.0
180263.0 177840.0 358590.0
179497.0 178602.0 358504.0
179438.0 177925.0 359707.0
179424.0 177798.0 358398.0
179535.0 178297.0 358711.0
179865.0 177744.0 358340.0
179590.0 178531.0 358179.0
180352.0 177270.0 357391.0
179356.0 177417.0 357905.0
179686.0 177902.0 357599.0
179301.0 178492.0 358262.0
179964.0 177569.0 358288.0
180027.0 178354.0 358139.0
179267.0 178190.0 357398.0
179135.0 177644.0 357703.0
179770.0 177495.0 357282.0
178695.0 178715.0 359028.0
179189.0 177626.0 357403.0
180125.0 178544.0 358766.0
179104.0 177872.0 357462.0
180787.0 178225.0 357910.0
179100.0 178029.0 357663.0
179714.0 178377.0 357821.0
179916.0 178235.0 358469.0
180075.0 177716.0 357522.0
259791.0 255889.0 515841.0
259577.0 257169.0 516314.0
258221.0 257049.0 516111.0
259531.0 257691.0 516142.0
259392.0 255708.0 516690.0
260317.0 256100.0 515795.0
259465.0 255964.0 513984.0
259299.0 256408.0 515693.0
259289.0 256138.0 516308.0
258979.0 256604.0 515132.0
259111.0 256445.0 516779.0
258480.0 255557.0 516180.0
260107.0 255906.0 516231.0
258497.0 256209.0 515428.0
259194.0 256221.0 516173.0
258687.0 256504.0 517131.0
258418.0 256135.0 516211.0
258453.0 255626.0 515756.0
260249.0 256216.0 515766.0
260250.0 255771.0 516058.0
259792.0 257129.0 515001.0
258920.0 255238.0 514776.0
259426.0 256478.0 516431.0
257624.0 256132.0 516176.0
259383.0 256054.0 516495.0
258268.0 255055.0 515991.0
260537.0 256271.0 515295.0
259285.0 256797.0 515387.0
259908.0 255614.0 515012.0
259283.0 257688.0 516757.0
386543.0 381540.0 767636.0
384341.0 381766.0 766157.0
385391.0 381473.0 767480.0
385233.0 380618.0 766979.0
385879.0 381191.0 768892.0
384733.0 379963.0 767965.0
385698.0 380696.0 767670.0
385561.0 380811.0 767209.0
385678.0 381675.0 766842.0
385921.0 380680.0 766765.0
384854.0 380483.0 768156.0
383439.0 380744.0 768491.0
385593.0 381350.0 766736.0
386130.0 379745.0 768484.0
385846.0 380803.0 767956.0
384940.0 380387.0 766596.0
385510.0 381238.0 767809.0
384982.0 381351.0 767573.0
385029.0 381775.0 768015.0
384712.0 381440.0 768547.0
385491.0 381418.0 767127.0
385623.0 381588.0 767677.0
384986.0 381324.0 768251.0
385998.0 381777.0 767955.0
386552.0 381514.0 766725.0
385716.0 382430.0 765893.0
384690.0 379640.0 767445.0
386241.0 381413.0 767886.0
386139.0 380951.0 769145.0
384866.0 380569.0 767101.0
587453.0 581276.0 1170341.0
587595.0 581809.0 1167932.0
586353.0 580297.0 1168849.0
588067.0 580157.0 1167266.0
587617.0 580992.0 1168070.0
585860.0 580017.0 1166654.0
586731.0 579811.0 1168914.0
588579.0 580275.0 1169786.0
586113.0 579056.0 1169484.0
585962.0 579807.0 1168836.0
587354.0 580891.0 1167792.0
586311.0 582236.0 1170000.0
587447.0 580121.0 1167939.0
588241.0 581306.0 1167165.0
586879.0 581182.0 1168469.0
588418.0 581864.0 1168290.0
587710.0 581744.0 1168943.0
587186.0 581626.0 1168953.0
587156.0 580282.0 1169415.0
587863.0 580683.0 1169008.0
588411.0 579613.0 1169805.0
587053.0 581004.0 1168783.0
587040.0 581369.0 1168931.0
587247.0 580125.0 1169728.0
587405.0 581864.0 1168080.0
586919.0 581211.0 1169093.0
589490.0 580708.0 1169269.0
588418.0 579876.0 1170297.0
587535.0 581474.0 1169926.0
586693.0 581010.0 1166883.0
888251.0 880486.0 1767816.0
888631.0 879237.0 1768397.0
889321.0 878174.0 1769479.0
887894.0 880261.0 1769866.0
888830.0 879512.0 1767360.0
887880.0 880864.0 1768803.0
890313.0 881106.0 1768602.0
888650.0 879256.0 1767179.0
890123.0 881223.0 1769095.0
888801.0 879524.0 1768290.0
891286.0 880061.0 1768999.0
891913.0 880624.0 1769545.0
888610.0 881792.0 1767425.0
889362.0 879949.0 1769881.0
889660.0 879104.0 1768086.0
889751.0 880721.0 1770232.0
889173.0 879361.0 1770580.0
888766.0 879210.0 1770194.0
889809.0 880154.0 1768887.0
888965.0 879506.0 1767533.0
887927.0 881786.0 1763919.0
890207.0 881673.0 1767214.0
888811.0 880270.0 1765841.0
890166.0 879245.0 1768334.0
888936.0 878384.0 1771233.0
890736.0 879235.0 1767079.0
889349.0 880722.0 1768154.0
888669.0 879563.0 1768095.0
887485.0 878479.0 1766029.0
890385.0 880448.0 1772870.0
1324560.0 1311282.0 2631290.0
1325007.0 1311820.0 2629875.0
1323832.0 1310232.0 2627729.0
1325782.0 1309162.0 2632246.0
1325651.0 1308005.0 2631507.0
1322734.0 1311212.0 2632737.0
1325364.0 1310720.0 2630918.0
1325031.0 1309974.0 2630575.0
1326761.0 1307526.0 2631016.0
1325361.0 1307945.0 2630105.0
1324974.0 1310777.0 2632761.0
1322522.0 1310584.0 2630084.0
1323664.0 1309636.0 2628867.0
1324859.0 1311207.0 2632898.0
1322825.0 1311757.0 2632590.0
1324459.0 1312329.0 2631098.0
1326158.0 1312668.0 2632289.0
1325707.0 1309500.0 2630047.0
1324336.0 1310617.0 2630043.0
1323946.0 1308532.0 2633193.0
1324060.0 1311390.0 2633718.0
1324259.0 1311796.0 2629806.0
1323917.0 1312707.0 2635492.0
1324932.0 1310533.0 2631247.0
1325696.0 1308535.0 2631897.0
1325332.0 1312140.0 2634854.0
1326763.0 1312436.0 2635068.0
1323627.0 1310715.0 2628629.0
1323897.0 1309507.0 2634123.0
1326040.0 1313032.0 2632572.0
1979837.0 1964471.0 3929842.0
1985716.0 1960068.0 3934110.0
1984376.0 1959559.0 3930572.0
1985676.0 1963002.0 3937818.0
1984141.0 1963609.0 3932007.0
1984006.0 1964920.0 3934820.0
1983427.0 1964815.0 3929677.0
1984557.0 1963678.0 3931252.0
1985040.0 1965180.0 3932819.0
1985991.0 1963185.0 3933501.0
1987016.0 1962835.0 3930664.0
1984396.0 1965621.0 3933017.0
1984541.0 1965109.0 3930081.0
1982602.0 1962762.0 3927599.0
1983374.0 1964136.0 3930480.0
1982681.0 1959293.0 3938170.0
1987904.0 1961888.0 3933187.0
1985353.0 1963494.0 3933715.0
1988123.0 1962487.0 3938505.0
1986030.0 1965266.0 3937252.0
1986012.0 1961327.0 3935535.0
1987087.0 1965904.0 3934797.0
1985128.0 1967438.0 3929794.0
1986537.0 1962046.0 3936832.0
1987584.0 1962865.0 3931124.0
1986211.0 1965324.0 3934114.0
1984698.0 1964564.0 3937862.0
1986050.0 1965205.0 3928592.0
1985267.0 1963720.0 3935549.0
1986736.0 1966993.0 3934634.0
2863428.0 2832973.0 5658416.0
2866399.0 2831410.0 5663171.0
2867249.0 2836071.0 5662529.0
2864985.0 2833333.0 5657650.0
2865271.0 2834064.0 5655217.0
2864207.0 2836682.0 5659219.0
2865852.0 2838280.0 5665096.0
2866504.0 2835730.0 5663396.0
2866621.0 2838848.0 5665090.0
2865842.0 2834605.0 5652947.0
2867236.0 2838110.0 5659580.0
2864260.0 2836667.0 5659804.0
2868782.0 2833468.0 5660979.0
2869119.0 2834416.0 5660634.0
2868733.0 2835565.0 5661076.0
2862206.0 2839571.0 5664862.0
2863924.0 2835447.0 5660600.0
2864372.0 2838457.0 5659408.0
2864012.0 2833396.0 5663086.0
2872785.0 2836028.0 5663298.0
2862335.0 2835467.0 5663169.0
2871126.0 2833539.0 5662387.0
2870786.0 2837005.0 5659424.0
2869416.0 2835382.0 5666554.0
2869759.0 2834186.0 5676437.0
2871597.0 2835697.0 5669942.0
2868659.0 2834331.0 5672368.0
2868565.0 2832088.0 5662226.0
2868058.0 2841010.0 5665998.0
2872024.0 2833270.0 5666527.0
4094787.0 4046513.0 8049280.0
4089978.0 4047545.0 8050513.0
4098498.0 4048821.0 8051099.0
4095869.0 4046435.0 8049275.0
4091556.0 4053175.0 8056810.0
4101065.0 4051539.0 8058097.0
4095295.0 4049191.0 8062383.0
4101947.0 4052525.0 8051016.0
4094709.0 4052981.0 8062646.0
4094029.0 4052690.0 8046035.0
4095363.0 4046550.0 8056707.0
4101392.0 4048557.0 8050713.0
4096802.0 4051622.0 8053739.0
4094066.0 4048703.0 8056690.0
4097831.0 4055444.0 8062570.0
4100519.0 4055183.0 8059336.0
4093537.0 4052581.0 8059453.0
4092970.0 4046436.0 8048788.0
4095260.0 4048738.0 8054079.0
4092083.0 4050902.0 8060818.0
4095626.0 4056390.0 8057442.0
4092615.0 4052224.0 8056198.0
4100135.0 4050329.0 8058509.0
4096491.0 4055443.0 8066265.0
4096343.0 4048766.0 8052603.0
4092428.0 4057097.0 8054271.0
4094641.0 4051502.0 8060590.0
4101899.0 4051410.0 8057014.0
4095383.0 4054863.0 8065966.0
4100295.0 4050963.0 8063393.0
5837892.0 5771972.0 11410168.0
5840647.0 5771083.0 11407382.0
5832574.0 5771534.0 11417732.0
5844349.0 5772485.0 11412526.0
5834578.0 5771789.0 11416264.0
5847054.0 5769164.0 11409740.0
5835626.0 5773960.0 11411437.0
5840326.0 5760941.0 11417669.0
5841577.0 5774734.0 11419309.0
5839343.0 5773257.0 11420689.0
5844758.0 5765787.0 11423195.0
5838187.0 5771371.0 11421912.0
5843392.0 5770780.0 11421134.0
5846359.0 5767425.0 11411426.0
5837827.0 5771881.0 11411076.0
5842613.0 5781674.0 11415186.0
5837272.0 5764698.0 11405599.0
5841488.0 5781361.0 11410807.0
5836879.0 5776101.0 11421158.0
5844341.0 5770451.0 11419976.0
5836406.0 5764600.0 11441098.0
5850539.0 5774177.0 11419691.0
5850778.0 5766692.0 11427443.0
5846267.0 5771989.0 11418727.0
5845595.0 5772293.0 11419780.0
5842850.0 5776920.0 11429649.0
5842303.0 5772964.0 11428823.0
5841550.0 5782351.0 11422937.0
5842712.0 5774324.0 11425222.0
5846130.0 5772723.0 11424065.0
7783810.0 7707007.0 15138365.0
7784918.0 7726836.0 15142282.0
7781400.0 7723801.0 15158794.0
7781702.0 7720299.0 15146963.0
7782658.0 7730360.0 15143595.0
7795622.0 7716278.0 15147475.0
7784634.0 7725776.0 15169214.0
7788620.0 7719375.0 15154953.0
7785764.0 7709695.0 15152546.0
7791114.0 7724239.0 15156539.0
7788827.0 7712658.0 15152762.0
7788777.0 7720435.0 15147136.0
7787289.0 7720784.0 15143065.0
7789202.0 7716586.0 15131090.0
7790189.0 7718803.0 15146419.0
7786550.0 7731354.0 15145308.0
7778674.0 7714276.0 15144001.0
7788841.0 7721728.0 15151773.0
7790051.0 7710410.0 15139660.0
7781742.0 7715574.0 15140185.0
7789108.0 7710292.0 15140579.0
7784020.0 7707927.0 15153232.0
7793105.0 7713570.0 15144468.0
7783696.0 7712902.0 15148877.0
7788451.0 7714199.0 15135834.0
7786767.0 7708027.0 15146945.0
7790749.0 7715414.0 15139821.0
7795519.0 7719661.0 15138774.0
7783583.0 7706547.0 15153108.0
7788885.0 7712456.0 15139459.0
10539450.0 10487780.0 20328670.0
10537630.0 10447560.0 20396160.0
10583160.0 10480020.0 20307640.0
10536780.0 10470650.0 20336450.0
10562660.0 10468110.0 20376100.0
10573200.0 10473300.0 20331080.0
10545140.0 10435700.0 20352380.0
10537810.0 10465090.0 20375260.0
10538470.0 10482940.0 20355660.0
10544200.0 10459830.0 20366850.0
10541320.0 10506490.0 20300140.0
10561120.0 10508470.0 20371200.0
10531410.0 10478450.0 20279490.0
10536530.0 10442610.0 20336730.0
10539540.0 10449890.0 20329320.0
10575180.0 10491130.0 20283630.0
10578460.0 10463600.0 20342240.0
10535540.0 10470730.0 20375830.0
10545480.0 10491250.0 20334730.0
10538170.0 10467600.0 20300370.0
10526400.0 10424390.0 20269330.0
10574680.0 10516850.0 20343830.0
10523470.0 10440280.0 20403640.0
10546990.0 10493560.0 20348310.0
10574710.0 10459000.0 20325790.0
10550670.0 10475890.0 20380480.0
10562960.0 10447380.0 20321790.0
10560740.0 10463290.0 20400560.0
10574180.0 10485620.0 20294900.0
10540460.0 10442310.0 20326420.0
13863410.0 13785610.0 26538250.0
13903310.0 13753410.0 26454130.0
13901590.0 13799090.0 26511960.0
13909020.0 13829080.0 26584990.0
13907430.0 13832960.0 26494080.0
13897530.0 13820070.0 26526470.0
13890870.0 13798790.0 26488470.0
13873770.0 13780900.0 26479810.0
13903380.0 13787840.0 26459970.0
13928780.0 13795190.0 26529020.0
13886050.0 13827120.0 26512200.0
13928890.0 13810480.0 26478050.0
13921770.0 13753630.0 26594710.0
13900540.0 13800190.0 26512490.0
13917540.0 13838870.0 26591610.0
13920430.0 13821650.0 26520560.0
13939100.0 13731340.0 26542660.0
13912630.0 13806680.0 26548180.0
13877150.0 13765170.0 26471510.0
13897360.0 13802310.0 26507350.0
13894060.0 13746270.0 26443420.0
13870900.0 13802560.0 26549860.0
13882940.0 13789290.0 26491000.0
13865330.0 13808410.0 26474270.0
13918890.0 13762690.0 26542040.0
13916890.0 13785320.0 26562880.0
13893400.0 13826840.0 26549760.0
13891360.0 13801830.0 26420090.0
13930140.0 13762820.0 26427850.0
13936480.0 13796600.0 26527540.0
18359610.0 18204690.0 34533740.0
18383610.0 18227590.0 34459790.0
18346040.0 18263240.0 34512690.0
18396250.0 18239210.0 34561020.0
18358980.0 18238970.0 34520990.0
18331960.0 18238840.0 34471910.0
18363390.0 18242840.0 34621390.0
18359500.0 18237940.0 34457060.0
18374240.0 18218300.0 34515070.0
18317500.0 18138230.0 34560590.0
18395750.0 18237040.0 34572340.0
18349580.0 18225540.0 34484410.0
18343720.0 18220530.0 34509190.0
18340940.0 18224130.0 34569170.0
18396190.0 18196170.0 34492470.0
18383640.0 18212050.0 34461280.0
18343120.0 18256500.0 34644050.0
18332980.0 18214910.0 34447370.0
18368390.0 18280960.0 34546310.0
18356860.0 18283900.0 34551820.0
18324480.0 18283240.0 34489750.0
18329590.0 18270400.0 34491490.0
18347230.0 18252110.0 34528370.0
18349000.0 18242590.0 34539420.0
18370540.0 18211860.0 34626400.0
18344940.0 18238430.0 34593790.0
18359310.0 18210750.0 34477540.0
18388770.0 18206270.0 34552060.0
18340810.0 18225060.0 34523850.0
18322760.0 18262160.0 34565510.0