309709164.0 313309503.0 810969427.0
309593573.0 313049247.0 810651922.0
309596991.0 313235050.0 810672930.0
309402250.0 312931781.0 810646823.0
309267907.0 313164326.0 810619342.0
309416009.0 313122315.0 810100993.0
309401810.0 312931565.0 810325451.0
309267463.0 312897492.0 810397176.0
309296679.0 312952041.0 810451050.0
309342686.0 313168249.0 810587909.0
309314781.0 313034678.0 810526573.0
309062018.0 312732161.0 810059624.0
309141487.0 312848803.0 810057180.0
309270862.0 312788314.0 810510651.0
309318605.0 312848647.0 810924288.0
309411783.0 313260579.0 810889065.0
309489565.0 313096778.0 810994103.0
309474246.0 313018675.0 810540575.0
309406552.0 312986849.0 810020170.0
309050963.0 312738559.0 810151929.0
205689583.0 207168961.0 540226836.0
205769230.0 207184950.0 540487793.0
205928220.0 207127389.0 540717631.0
205885851.0 207196260.0 540737911.0
205921498.0 207094447.0 540472600.0
205831617.0 207091761.0 540217555.0
205706527.0 206923522.0 540209837.0
205684985.0 206975251.0 539716107.0
205775448.0 206953722.0 540195741.0
205852059.0 195150296.0 540836180.0
205780750.0 206974117.0 540330758.0
205852913.0 207069083.0 540415834.0
205871219.0 207056218.0 540486782.0
205832818.0 207129307.0 540465322.0
205861617.0 207108942.0 540395354.0
205814031.0 207106179.0 539902613.0
205671771.0 206917292.0 540026767.0
205614412.0 207014936.0 540265297.0
205881750.0 207010792.0 540566666.0
205874784.0 207109289.0 540451545.0
136247793.0 136642012.0 337311103.0
136243669.0 136688117.0 337205521.0
136235280.0 136666905.0 337064610.0
136166027.0 136571018.0 336877776.0
136162487.0 136606840.0 336887501.0
136069841.0 136511440.0 337072632.0
136171382.0 136677230.0 337257344.0
136252991.0 136709375.0 337293156.0
136320936.0 136744987.0 337459154.0
136224040.0 136720485.0 337381982.0
136254329.0 136677993.0 337120541.0
136162243.0 136637074.0 336805275.0
136076376.0 136587260.0 336944545.0
136139537.0 136668262.0 337344676.0
136258639.0 136644913.0 337229763.0
136265119.0 136723853.0 337312295.0
136275216.0 136743318.0 337336898.0
136250221.0 136601533.0 337162365.0
136196814.0 136592642.0 336854073.0
136199242.0 136623904.0 337206572.0
90189144.0 90212972.0 208819600.0
90197373.0 90269872.0 208757664.0
90174400.0 90197079.0 208868772.0
90180715.0 90250624.0 208866210.0
90214209.0 90245921.0 208935937.0
90195094.0 90252650.0 208897024.0
90213174.0 90303001.0 208841858.0
90104161.0 90239677.0 208753277.0
90102117.0 90178880.0 208698019.0
90100647.0 90242363.0 208712264.0
90191640.0 90192097.0 208747488.0
90188308.0 90228432.0 208881785.0
90189481.0 90229986.0 208942418.0
90186100.0 90274262.0 208845319.0
90195603.0 90192140.0 208778446.0
90132029.0 90212854.0 208805300.0
90168810.0 90245892.0 208792600.0
90149119.0 90192570.0 208758816.0
90149960.0 90236597.0 208731542.0
90121694.0 90236675.0 208855056.0
59082739.0 58960549.0 129919891.0
59029573.0 58967750.0 129908800.0
58989940.0 58948710.0 129827230.0
59018646.0 58952003.0 129778085.0
58990152.0 58977694.0 129864031.0
59027729.0 58948776.0 129898278.0
59044282.0 58955742.0 129846113.0
59013181.0 58943947.0 129865746.0
59062971.0 58976879.0 129864880.0
59018582.0 58976892.0 129831732.0
59032370.0 58955688.0 129910554.0
59089275.0 58983646.0 129834901.0
59043827.0 58978643.0 129843165.0
59047768.0 58947981.0 129883813.0
59037652.0 58982625.0 129896353.0
59106729.0 58993491.0 129920141.0
59046041.0 58967036.0 130039009.0
59073923.0 58991124.0 129897103.0
59045566.0 58980028.0 129912985.0
59034316.0 58913238.0 129809811.0
39694816.0 39540539.0 84473862.0
39696616.0 39544200.0 84403854.0
39648693.0 39531551.0 84422596.0
39645515.0 39516476.0 84361656.0
39622925.0 39517590.0 84343167.0
39618982.0 39499176.0 84355081.0
39602601.0 39498853.0 84364780.0
39610904.0 39527328.0 84431092.0
39666934.0 39528287.0 84405504.0
39616846.0 39524538.0 84323463.0
39633911.0 39505092.0 84385140.0
39637969.0 39531035.0 84373006.0
39643621.0 39502811.0 84441408.0
39617942.0 39519650.0 84379413.0
39626015.0 39510792.0 84387889.0
39614586.0 39507343.0 84341872.0
39633532.0 39513345.0 84348608.0
39610053.0 39514675.0 84320990.0
39626552.0 39500255.0 84406754.0
39644628.0 39518031.0 84396886.0
26063441.0 25969569.0 54305983.0
26090568.0 25978971.0 54287049.0
26075305.0 25981768.0 54282898.0
26067084.0 25972415.0 54278471.0
26069633.0 25968567.0 54259214.0
26055867.0 25986934.0 54267258.0
26072240.0 25974112.0 54252019.0
26098482.0 25972435.0 54326527.0
26088130.0 26008407.0 54354259.0
26108082.0 25990276.0 54336736.0
26089135.0 26018050.0 54291372.0
26096872.0 25977161.0 54296150.0
26061650.0 25979442.0 54262567.0
26067953.0 25976990.0 54272670.0
26086462.0 25989560.0 54280524.0
26093153.0 25987693.0 54276770.0
26082593.0 25981762.0 54272153.0
26063937.0 25983400.0 54279653.0
26058707.0 25970910.0 54304982.0
26060433.0 25976841.0 54277633.0
17585837.0 17500867.0 36077219.0
17562099.0 17479290.0 36094103.0
17555231.0 17497530.0 36070259.0
17559431.0 17491372.0 36058491.0
17551572.0 17493847.0 36057005.0
17554515.0 17499519.0 36074222.0
17574746.0 17486179.0 36080615.0
17558790.0 17504391.0 36065922.0
17568563.0 17478622.0 36059468.0
17551357.0 17479410.0 36060661.0
17555106.0 17495844.0 36056204.0
17548215.0 17497031.0 36044310.0
17557912.0 17488704.0 36039971.0
17559740.0 17482225.0 36042941.0
17556475.0 17492298.0 36080545.0
17564728.0 17494916.0 36046305.0
17563361.0 17500962.0 36072980.0
17564485.0 17497476.0 36068173.0
17570559.0 17495458.0 36046849.0
17554911.0 17490094.0 36056307.0
11920564.0 11877476.0 24270761.0
11927641.0 11885972.0 24287503.0
11933595.0 11887808.0 24297172.0
11934385.0 11891761.0 24274554.0
11942334.0 11876746.0 24301050.0
11942617.0 11893524.0 24290015.0
11937492.0 11889099.0 24280953.0
11928853.0 11884779.0 24266287.0
11921765.0 11878134.0 24273814.0
11926328.0 11881864.0 24268906.0
11930873.0 11895645.0 24285511.0
11932368.0 11883886.0 24275795.0
11951880.0 11892740.0 24286659.0
11947651.0 11884432.0 24310859.0
11937727.0 11900050.0 24276212.0
11930271.0 11872488.0 24275988.0
11925796.0 11868107.0 24263359.0
11917110.0 11870679.0 24262442.0
11926129.0 11870857.0 24270423.0
11923462.0 11882720.0 24267487.0
7963178.0 7922683.0 16106753.0
7958941.0 7925293.0 16098885.0
7962811.0 7929487.0 16109746.0
7960592.0 7923565.0 16098925.0
7965147.0 7928746.0 16092593.0
7963908.0 7921199.0 16089121.0
7953947.0 7922923.0 16095438.0
7958941.0 7922781.0 16092823.0
7956321.0 7921900.0 16101439.0
7958225.0 7930623.0 16102315.0
7966162.0 7923095.0 16100518.0
7957061.0 7918860.0 16080117.0
7959870.0 7924074.0 16086019.0
7958039.0 7917477.0 16086550.0
7962696.0 7919171.0 16102050.0
7958646.0 7923200.0 16102013.0
7971572.0 7919474.0 16104179.0
7966293.0 7924301.0 16100085.0
7961022.0 7920944.0 16098281.0
7962855.0 7922195.0 16097840.0
5185655.0 5159430.0 10438828.0
5186639.0 5158901.0 10449882.0
5188668.0 5163569.0 10449979.0
5188730.0 5166770.0 10450743.0
5189425.0 5163156.0 10449507.0
5182929.0 5161234.0 10447669.0
5187158.0 5161622.0 10437890.0
5188811.0 5165763.0 10447059.0
5188813.0 5162471.0 10452161.0
5191050.0 5157826.0 10444682.0
5181168.0 5164271.0 10443325.0
5192334.0 5167999.0 10453559.0
5186772.0 5170263.0 10445971.0
5192976.0 5164951.0 10447268.0
5184764.0 5161784.0 10441505.0
5185685.0 5163189.0 10447234.0
5183166.0 5162790.0 10443146.0
5187940.0 5165706.0 10442550.0
5183380.0 5160200.0 10441492.0
5183469.0 5163261.0 10441359.0
3530508.0 3515587.0 7092945.0
3534922.0 3517623.0 7096575.0
3528832.0 3516149.0 7099034.0
3528243.0 3519125.0 7090777.0
3531537.0 3513321.0 7094906.0
3535483.0 3512127.0 7106325.0
3533551.0 3519540.0 7097133.0
3535538.0 3515714.0 7091620.0
3535351.0 3513469.0 7096075.0
3536998.0 3519766.0 7100737.0
3530305.0 3516664.0 7090786.0
3532719.0 3517728.0 7095939.0
3532007.0 3516978.0 7094002.0
3532030.0 3514060.0 7089804.0
3533169.0 3519422.0 7096774.0
3533983.0 3519634.0 7098197.0
3530079.0 3518884.0 7095036.0
3539072.0 3521201.0 7101172.0
3538662.0 3521391.0 7102471.0
3534372.0 3514450.0 7104602.0
2366434.0 2354209.0 4745778.0
2363915.0 2353194.0 4744053.0
2368954.0 2352726.0 4746579.0
2366085.0 2352680.0 4743862.0
2365705.0 2354971.0 4746785.0
2369799.0 2357813.0 4745730.0
2365387.0 2353204.0 4742104.0
2364156.0 2357103.0 4739771.0
2367393.0 2352561.0 4743709.0
2363256.0 2353543.0 4744691.0
2367724.0 2353714.0 4742875.0
2365179.0 2352490.0 4747913.0
2368286.0 2356581.0 4745408.0
2368909.0 2356502.0 4745537.0
2368734.0 2355309.0 4747465.0
2368000.0 2356113.0 4743758.0
2364606.0 2355962.0 4741203.0
2368439.0 2354808.0 4742837.0
2364323.0 2350664.0 4742955.0
2366485.0 2355311.0 4747474.0
1536328.0 1529333.0 3069574.0
1535862.0 1529211.0 3070066.0
1536076.0 1527249.0 3072684.0
1533960.0 1525564.0 3073496.0
1533575.0 1527038.0 3072727.0
1534946.0 1526606.0 3067495.0
1531974.0 1526920.0 3071080.0
1533370.0 1526150.0 3073375.0
1535881.0 1527903.0 3074125.0
1534343.0 1530422.0 3071983.0
1537344.0 1526408.0 3074014.0
1534039.0 1529331.0 3071760.0
1534877.0 1528106.0 3070619.0
1533499.0 1527718.0 3070713.0
1533333.0 1526561.0 3070621.0
1533964.0 1526153.0 3072341.0
1531866.0 1529501.0 3070834.0
1535043.0 1528591.0 3072655.0
1534953.0 1527406.0 3072603.0
1532267.0 1528328.0 3072069.0
1040121.0 1034369.0 2081668.0
1039083.0 1035667.0 2078691.0
1038811.0 1032867.0 2078015.0
1039089.0 1034147.0 2078941.0
1040739.0 1035382.0 2082281.0
1038703.0 1036521.0 2079755.0
1040732.0 1035076.0 2079823.0
1041081.0 1035699.0 2078740.0
1040944.0 1034435.0 2079781.0
1040072.0 1033824.0 2079488.0
1039112.0 1033355.0 2078215.0
1038020.0 1033550.0 2077986.0
1038113.0 1036313.0 2076692.0
1039532.0 1034761.0 2078167.0
1040995.0 1033080.0 2079010.0
1039325.0 1034924.0 2081855.0
1039834.0 1035718.0 2079602.0
1037926.0 1035568.0 2078686.0
1040237.0 1034919.0 2078569.0
1039713.0 1036404.0 2079848.0
701031.0 697976.0 1404111.0
702825.0 697912.0 1403181.0
702554.0 698525.0 1405455.0
700799.0 700140.0 1403008.0
701781.0 697977.0 1403756.0
702155.0 699410.0 1403673.0
700909.0 698380.0 1404026.0
700962.0 697145.0 1402657.0
701237.0 699961.0 1402804.0
701702.0 698574.0 1401426.0
702590.0 699388.0 1402731.0
701488.0 698641.0 1403478.0
701555.0 697672.0 1404369.0
700474.0 699599.0 1404553.0
701544.0 698566.0 1406817.0
701405.0 699942.0 1403157.0
701787.0 699625.0 1404961.0
702453.0 699163.0 1402403.0
702333.0 699042.0 1403987.0
701445.0 697470.0 1405497.0
467369.0 468646.0 936044.0
468810.0 468071.0 936944.0
468289.0 466142.0 935622.0
469469.0 468554.0 938012.0
468400.0 468415.0 936121.0
467575.0 466752.0 937718.0
468368.0 467450.0 935265.0
469092.0 466314.0 935928.0
467421.0 467827.0 936387.0
469895.0 465992.0 938211.0
468186.0 467191.0 937006.0
467939.0 465992.0 936116.0
467839.0 466270.0 936080.0
468826.0 467267.0 937450.0
467770.0 466063.0 935836.0
467887.0 467704.0 937053.0
466845.0 466051.0 937474.0
468196.0 466608.0 936607.0
468386.0 466990.0 936987.0
467334.0 466920.0 936293.0
310593.0 309512.0 620509.0
309624.0 309106.0 620518.0
309476.0 310080.0 620578.0
310018.0 309366.0 620957.0
310055.0 309482.0 620890.0
309275.0 309284.0 620977.0
310317.0 308848.0 620654.0
310048.0 309999.0 620550.0
309725.0 309267.0 620108.0
309848.0 308914.0 619124.0
309769.0 309664.0 621351.0
311009.0 309118.0 621209.0
310316.0 309827.0 621243.0
309991.0 309686.0 621829.0
310149.0 310478.0 620550.0
310171.0 310533.0 620954.0
310306.0 310667.0 619935.0
311125.0 310611.0 620496.0
309407.0 309864.0 620946.0
310148.0 309707.0 620614.0
203603.0 203900.0 408007.0
204169.0 203684.0 408073.0
203074.0 203509.0 407211.0
203285.0 203968.0 408858.0
203669.0 203827.0 408418.0
203301.0 203420.0 408116.0
203777.0 203900.0 408362.0
203912.0 203493.0 407147.0
203730.0 202718.0 407663.0
203223.0 204478.0 408275.0
204055.0 204464.0 408323.0
204303.0 203923.0 407511.0
203316.0 203143.0 408348.0
203555.0 203129.0 408578.0
203362.0 203201.0 408088.0
203245.0 204370.0 408150.0
203046.0 204157.0 407884.0
203837.0 203497.0 407739.0
203431.0 203608.0 407646.0
203897.0 202968.0 407173.0
128814.0 129134.0 257538.0
129080.0 128385.0 258676.0
128676.0 128784.0 258059.0
129783.0 129465.0 258334.0
129315.0 129399.0 258400.0
128544.0 129497.0 258520.0
128851.0 128645.0 258136.0
129157.0 129173.0 258277.0
128693.0 128952.0 257569.0
128701.0 129493.0 258210.0
129622.0 129148.0 257715.0
129698.0 128892.0 258701.0
128587.0 129258.0 257542.0
129137.0 128331.0 258572.0
129124.0 129179.0 258333.0
129108.0 129050.0 257972.0
128804.0 129081.0 258811.0
129218.0 129524.0 258429.0
128461.0 129362.0 259228.0
129814.0 129547.0 258232.0
84624.0 84671.0 169010.0
84281.0 84983.0 168924.0
84204.0 84277.0 168945.0
84797.0 84698.0 169348.0
84551.0 84430.0 169550.0
85250.0 84321.0 168925.0
84641.0 84330.0 168685.0
84339.0 84808.0 169229.0
85110.0 84525.0 169653.0
84610.0 84940.0 168791.0
84716.0 84531.0 169367.0
84310.0 84816.0 169300.0
84457.0 84479.0 169128.0
84311.0 84795.0 169277.0
84622.0 84757.0 169049.0
84245.0 84620.0 169597.0
84553.0 84843.0 170001.0
84088.0 84405.0 169484.0
84975.0 85118.0 168867.0
84662.0 83884.0 169245.0
59029.0 58614.0 116916.0
58642.0 59111.0 117347.0
58858.0 58840.0 116990.0
58472.0 58909.0 117335.0
59240.0 58965.0 117880.0
58317.0 58976.0 117907.0
58538.0 58619.0 117558.0
58394.0 59067.0 117333.0
58300.0 58723.0 116953.0
58514.0 58852.0 117623.0
58591.0 58584.0 117192.0
58238.0 59002.0 117377.0
58007.0 58943.0 117653.0
58787.0 58726.0 117625.0
58873.0 58725.0 117053.0
58616.0 58948.0 117139.0
58547.0 58452.0 117607.0
58268.0 58378.0 117166.0
58482.0 58953.0 117079.0
58843.0 58886.0 117006.0
39946.0 39942.0 79717.0
39998.0 40126.0 80089.0
39717.0 40041.0 79816.0
40201.0 39999.0 80296.0
39993.0 40214.0 80300.0
39859.0 39731.0 80520.0
40029.0 40061.0 79958.0
39799.0 40295.0 80038.0
39820.0 40104.0 80552.0
40087.0 40085.0 80471.0
40260.0 40361.0 80471.0
40108.0 40009.0 80542.0
39602.0 40071.0 80217.0
39587.0 39886.0 80286.0
39853.0 40317.0 79999.0
40386.0 40193.0 80151.0
40346.0 40353.0 79443.0
40038.0 40107.0 80094.0
39893.0 40065.0 80474.0
40162.0 40123.0 79938.0
24925.0 25055.0 49860.0
24906.0 25002.0 49771.0
25082.0 25259.0 49793.0
25062.0 24850.0 50292.0
24934.0 24778.0 49688.0
24780.0 25149.0 49782.0
24828.0 25086.0 49833.0
25010.0 24990.0 49963.0
25020.0 25337.0 49318.0
24729.0 25149.0 50004.0
24903.0 24992.0 49667.0
24817.0 24815.0 49935.0
25176.0 24986.0 50331.0
24926.0 25032.0 49708.0
24798.0 25219.0 49924.0
24943.0 25154.0 50014.0
24988.0 24983.0 49752.0
24839.0 24925.0 49864.0
24884.0 24738.0 49820.0
24744.0 25106.0 49938.0
16223.0 16338.0 32841.0
16357.0 16616.0 32531.0
16247.0 16511.0 32429.0
16391.0 16341.0 32918.0
16353.0 16402.0 33211.0
16305.0 16409.0 33028.0
16507.0 16611.0 33212.0
16527.0 16573.0 32971.0
16519.0 16512.0 33342.0
16288.0 16797.0 33116.0
16043.0 16429.0 32893.0
16420.0 16275.0 32563.0
16196.0 16470.0 33213.0
16407.0 16567.0 32913.0
16531.0 16460.0 32965.0
16399.0 16397.0 32800.0
16505.0 16515.0 32981.0
16370.0 16311.0 32807.0
16602.0 16589.0 33333.0
16486.0 16707.0 32740.0
11501.0 11914.0 23250.0
11540.0 11695.0 23448.0
11667.0 11803.0 23647.0
11740.0 11817.0 23294.0
11747.0 11765.0 23463.0
11751.0 11781.0 23192.0
11705.0 11632.0 23574.0
11844.0 11774.0 23541.0
11654.0 11774.0 23209.0
11760.0 11805.0 23586.0
11482.0 11787.0 23350.0
11857.0 11705.0 23383.0
11722.0 11738.0 23543.0
11831.0 12104.0 23486.0
11763.0 11808.0 23201.0
11744.0 11744.0 23319.0
11564.0 11805.0 23712.0
11664.0 11816.0 23601.0
11739.0 11932.0 23237.0
11596.0 11665.0 23227.0
7522.0 7579.0 14865.0
7474.0 7522.0 14794.0
7447.0 7563.0 15125.0
7495.0 7559.0 15037.0
7541.0 7606.0 15018.0
7545.0 7563.0 14996.0
7409.0 7467.0 14710.0
7542.0 7522.0 14926.0
7376.0 7466.0 15035.0
7538.0 7625.0 15078.0
7520.0 7610.0 15227.0
7386.0 7494.0 14921.0
7450.0 7646.0 15050.0
7559.0 7600.0 15129.0
7462.0 7680.0 15031.0
7481.0 7477.0 14840.0
7510.0 7559.0 14881.0
7443.0 7499.0 15064.0
7366.0 7541.0 14952.0
7432.0 7539.0 15019.0
4557.0 4756.0 9447.0
4604.0 4671.0 9400.0
4724.0 4758.0 9324.0
4696.0 4805.0 9575.0
4630.0 4804.0 9258.0
4627.0 4706.0 9273.0
4659.0 4639.0 9429.0
4652.0 4725.0 9435.0
4705.0 4732.0 9209.0
4614.0 4702.0 9333.0
4658.0 4784.0 9300.0
4705.0 4704.0 9330.0
4867.0 4697.0 9488.0
4640.0 4734.0 9222.0
4680.0 4878.0 9447.0
4810.0 4746.0 9446.0
4666.0 4832.0 9367.0
4666.0 4692.0 9563.0
4565.0 4767.0 9244.0
4549.0 4835.0 9294.0
3188.0 3263.0 6447.0
3254.0 3240.0 6545.0
3299.0 3252.0 6316.0
3153.0 3273.0 6370.0
3146.0 3325.0 6446.0
3150.0 3248.0 6497.0
3182.0 3334.0 6343.0
3199.0 3153.0 6354.0
3251.0 3229.0 6437.0
3221.0 3282.0 6434.0
3148.0 3296.0 6448.0
3163.0 3302.0 6486.0
3175.0 3246.0 6370.0
3270.0 3263.0 6558.0
3107.0 3188.0 6379.0
3262.0 3250.0 6323.0
3204.0 3378.0 6387.0
3200.0 3237.0 6405.0
3182.0 3284.0 6552.0
3121.0 3293.0 6428.0
2050.0 2207.0 4292.0
2056.0 2182.0 4277.0
2032.0 2204.0 4332.0
2196.0 2230.0 4241.0
2135.0 2171.0 4298.0
2091.0 2270.0 4230.0
2197.0 2206.0 4245.0
2193.0 2191.0 4256.0
2169.0 2224.0 4294.0
2084.0 2166.0 4256.0
2188.0 2198.0 4230.0
2087.0 2157.0 4312.0
2120.0 2141.0 4256.0
2074.0 2252.0 4287.0
2052.0 2182.0 4156.0
2168.0 2166.0 4190.0
2232.0 2180.0 4235.0
2137.0 2046.0 4241.0
2164.0 2180.0 4224.0
2124.0 2276.0 4317.0
1533.0 1590.0 3106.0
1653.0 1658.0 3132.0
1597.0 1626.0 3087.0
1565.0 1582.0 3285.0
1529.0 1697.0 3140.0
1524.0 1619.0 3196.0
1595.0 1592.0 3070.0
1609.0 1576.0 3123.0
1567.0 1591.0 3047.0
1516.0 1632.0 3169.0
1535.0 1593.0 3172.0
1634.0 1625.0 3128.0
1595.0 1635.0 3113.0
1567.0 1560.0 3093.0
1624.0 1598.0 3082.0
1528.0 1594.0 3074.0
1540.0 1614.0 3142.0
1569.0 1621.0 3132.0
1497.0 1621.0 3976.0
1602.0 1643.0 3029.0
1065.0 1025.0 2015.0
991.0 1056.0 2018.0
1011.0 1016.0 1981.0
1030.0 1038.0 2027.0
1043.0 1094.0 2009.0
1037.0 1019.0 2050.0
978.0 1035.0 2019.0
1028.0 1071.0 2100.0
988.0 1051.0 2009.0
1009.0 1045.0 2016.0
997.0 1083.0 1974.0
1052.0 1014.0 1938.0
1017.0 1052.0 1924.0
1018.0 1084.0 1992.0
1017.0 1048.0 1994.0
1074.0 1087.0 2061.0
988.0 969.0 1952.0
1050.0 1069.0 1973.0
1082.0 1022.0 1980.0
1034.0 1006.0 1997.0
665.0 626.0 1200.0
610.0 701.0 1233.0
657.0 679.0 1332.0
646.0 718.0 1212.0
670.0 647.0 1279.0
651.0 673.0 1235.0
683.0 649.0 1249.0
625.0 651.0 1243.0
619.0 648.0 1271.0
604.0 635.0 1234.0
632.0 715.0 1274.0
680.0 684.0 1322.0
671.0 683.0 1265.0
657.0 666.0 1246.0
681.0 705.0 1362.0
615.0 653.0 1227.0
674.0 757.0 1274.0
651.0 676.0 1259.0
652.0 659.0 1250.0
687.0 682.0 1241.0
473.0 500.0 868.0
440.0 468.0 879.0
446.0 465.0 837.0
457.0 450.0 877.0
416.0 479.0 843.0
457.0 475.0 888.0
457.0 463.0 878.0
449.0 479.0 862.0
438.0 468.0 876.0
425.0 483.0 888.0
427.0 476.0 864.0
420.0 452.0 839.0
426.0 470.0 844.0
450.0 440.0 817.0
436.0 493.0 890.0
460.0 460.0 849.0
442.0 486.0 853.0
408.0 486.0 827.0
449.0 539.0 834.0
476.0 468.0 864.0
