540859413.0 551348802.0 955668548.0
540822375.0 551366043.0 955897183.0
540839136.0 551265883.0 956266050.0
541387905.0 551333990.0 955916450.0
540859133.0 551531779.0 956140697.0
541095738.0 551477780.0 956074648.0
540875455.0 551235516.0 955611218.0
540763588.0 551545508.0 956232743.0
541112702.0 551610294.0 955827454.0
540930729.0 551332580.0 955769304.0
541197917.0 551813312.0 956225081.0
541151454.0 521436652.0 956139993.0
541093906.0 551733272.0 955661941.0
540903628.0 551750098.0 956159018.0
540913731.0 551671628.0 955971672.0
512522359.0 551635663.0 956221197.0
540825410.0 551483548.0 955691918.0
540454395.0 551657588.0 955509397.0
540082198.0 551586579.0 955564471.0
540323702.0 551323675.0 955435722.0
356281420.0 362667693.0 668918775.0
356796972.0 362792541.0 669165711.0
356926112.0 363136806.0 669453335.0
356908613.0 363120364.0 669595559.0
357023227.0 363082249.0 669662841.0
356918877.0 363004775.0 668758093.0
356676088.0 362694640.0 668379443.0
356728268.0 362439011.0 668681169.0
356926063.0 362645475.0 668782716.0
356997613.0 362676116.0 669163766.0
356854762.0 362875557.0 669407655.0
357200939.0 362966532.0 669282228.0
356901590.0 362944626.0 669101297.0
356848771.0 362842050.0 668807068.0
356220265.0 362340850.0 668586187.0
356138966.0 361689037.0 667513223.0
356274197.0 338936148.0 668096512.0
330261419.0 321358956.0 573706591.0
356977914.0 346078917.0 669134430.0
357095847.0 362808784.0 669225034.0
212847934.0 244713698.0 467396257.0
241201991.0 244837058.0 467044993.0
240858285.0 244450451.0 466633978.0
240796730.0 244133941.0 466416100.0
240599652.0 244153220.0 466682165.0
240606660.0 244180796.0 466606360.0
240886905.0 244612157.0 466886870.0
241058990.0 244672075.0 467020109.0
241118857.0 244522188.0 467015136.0
241190734.0 244582056.0 466906000.0
240782878.0 244444411.0 466527547.0
240971337.0 244415668.0 466558641.0
240747556.0 244265336.0 466516293.0
240791502.0 244258691.0 466616919.0
240967974.0 244464482.0 466953421.0
241064646.0 244697230.0 467169268.0
241078924.0 244612876.0 466985644.0
241030677.0 244773202.0 466932122.0
240909201.0 244408934.0 466664814.0
240824032.0 244452422.0 466311855.0
166169590.0 168401977.0 328332766.0
166288753.0 168419433.0 328453019.0
166378223.0 168520604.0 328540863.0
166373735.0 168475990.0 328781888.0
166423259.0 168609012.0 328900186.0
166427689.0 168492929.0 328327124.0
166339750.0 168466472.0 328703867.0
166156948.0 168311103.0 328101324.0
165926855.0 168348060.0 327996526.0
166172310.0 168234542.0 328589429.0
166410685.0 168423195.0 328577106.0
166385279.0 168574965.0 328676502.0
166363538.0 168473770.0 328613449.0
166203489.0 168441281.0 328433011.0
166248402.0 168346346.0 328186751.0
166095175.0 168265904.0 328255429.0
166096199.0 168217068.0 328158825.0
166136494.0 168369234.0 328359135.0
166243076.0 168511643.0 328720668.0
166350160.0 168593241.0 328723839.0
114433779.0 115786312.0 228413751.0
114287195.0 115641436.0 228295639.0
114268582.0 115603052.0 228211946.0
114239706.0 115558927.0 228175753.0
114285478.0 115578163.0 228291766.0
114349017.0 115680894.0 228391855.0
114360270.0 115765460.0 228627182.0
114443380.0 115789966.0 228598337.0
114392033.0 115822826.0 228537831.0
114372795.0 115799043.0 228528991.0
114299578.0 115681007.0 228336057.0
114115799.0 115669334.0 228049461.0
114099966.0 115539887.0 228196356.0
114320267.0 115563772.0 228299325.0
114298940.0 100747655.0 228665495.0
114482181.0 115849854.0 228812236.0
114566286.0 115909565.0 228963200.0
114557945.0 115937346.0 228761024.0
114438170.0 115873297.0 228638545.0
114315313.0 115630175.0 228061556.0
78201170.0 78967391.0 157021019.0
78241353.0 79062613.0 157175037.0
78293574.0 79097294.0 157341119.0
78358980.0 79179590.0 157355961.0
78418460.0 79224036.0 157409974.0
78407509.0 79221249.0 157297995.0
78337380.0 79138676.0 157170109.0
78229925.0 79052017.0 157126932.0
78232402.0 78974626.0 157022046.0
78216879.0 79016964.0 157133424.0
69019343.0 79144653.0 157282883.0
78384928.0 79175597.0 157336186.0
78384765.0 79200867.0 157428158.0
78403727.0 79203856.0 157240931.0
78362375.0 79183176.0 157209679.0
78286988.0 79136218.0 138556857.0
78260155.0 79083789.0 157035765.0
78316997.0 79112931.0 157228353.0
78437626.0 79150564.0 156283439.0
78430121.0 74795788.0 157367413.0
52466353.0 52950925.0 105471241.0
52451645.0 52953782.0 105473003.0
52432108.0 52911710.0 105380086.0
52385179.0 52909594.0 105333694.0
52377104.0 52875178.0 105319193.0
52385638.0 52928493.0 105350610.0
52420779.0 52922295.0 105407466.0
52436937.0 52940997.0 105510436.0
52463846.0 52954761.0 105466316.0
52425735.0 52946845.0 105493558.0
52431557.0 52924026.0 105445047.0
52378694.0 52906548.0 105409458.0
52390406.0 52887358.0 105337115.0
52400669.0 52885891.0 105379700.0
52389048.0 52905440.0 105418142.0
52426762.0 52850594.0 105360098.0
52407006.0 52863716.0 105344462.0
52401722.0 52889877.0 105326614.0
52410091.0 52846016.0 105368457.0
52379392.0 52874917.0 105382585.0
36285573.0 36586135.0 73003424.0
36292845.0 36603100.0 73005634.0
36302152.0 36584935.0 72982755.0
36279601.0 36601819.0 72995191.0
36287905.0 36606250.0 72957244.0
36260778.0 36576002.0 72891209.0
36237475.0 36507524.0 72853973.0
36215754.0 36529077.0 72906119.0
36214038.0 36521793.0 72879827.0
36260966.0 36532753.0 72931880.0
36287906.0 36573606.0 72975649.0
36294941.0 36598791.0 72998974.0
36293359.0 36592223.0 72994106.0
36283238.0 36578518.0 72921299.0
36249486.0 36551331.0 72896700.0
36244366.0 36512421.0 72858964.0
36245882.0 36516196.0 72925777.0
36240776.0 36553156.0 72949302.0
36276333.0 36578610.0 72981343.0
36297409.0 36585518.0 72994336.0
23436724.0 23604534.0 47119054.0
23427621.0 23591819.0 47083377.0
23413908.0 23570856.0 47027432.0
23398684.0 23539708.0 47054245.0
23412283.0 23565158.0 47069913.0
23419701.0 23592624.0 47109024.0
23442711.0 23620165.0 47146089.0
23461583.0 23602594.0 47137794.0
23459067.0 23614510.0 47128803.0
23444979.0 23600180.0 47075811.0
23417516.0 23589639.0 47077247.0
23427333.0 23568929.0 47048284.0
23429922.0 23575481.0 47123287.0
23432547.0 23622447.0 47129753.0
23448714.0 23612182.0 47157609.0
23460201.0 23615749.0 47171038.0
23456206.0 23605708.0 47131321.0
23434258.0 23578709.0 47104876.0
23426709.0 23589807.0 47097699.0
23408642.0 23584459.0 47113958.0
16189734.0 16302941.0 32538032.0
16212453.0 16310891.0 32581260.0
16219316.0 16318830.0 32585416.0
16215357.0 16318574.0 32572994.0
16203743.0 16307913.0 32565425.0
16195840.0 16301005.0 32543891.0
16181942.0 16296810.0 32527877.0
16178882.0 16280752.0 32530718.0
16196523.0 16286024.0 32562114.0
16206735.0 16304612.0 32570680.0
16212900.0 16319529.0 32583473.0
16220602.0 16311748.0 32599905.0
16213730.0 16307456.0 32592091.0
16198405.0 16313500.0 32571826.0
16215250.0 16308686.0 32578909.0
16206640.0 16313597.0 32572322.0
16218284.0 16317673.0 32577914.0
16214165.0 16313812.0 32581672.0
16208040.0 16311195.0 32568359.0
16199708.0 16305908.0 32557632.0
11043771.0 11123742.0 22206774.0
11038504.0 11115581.0 22181676.0
11037692.0 11105232.0 22178787.0
11036861.0 11119416.0 22190972.0
11050081.0 11109015.0 22195533.0
11054244.0 11107637.0 22219605.0
11051065.0 11123687.0 22225275.0
11064314.0 11132083.0 22221335.0
11065921.0 11132191.0 22232993.0
11061162.0 11131578.0 22212366.0
11055151.0 11129464.0 22190271.0
11047138.0 11119146.0 22188486.0
11044353.0 11108099.0 22209530.0
11039693.0 11114832.0 22200688.0
11049954.0 11121268.0 22198437.0
11051588.0 11130497.0 22217147.0
11053568.0 11127293.0 22209435.0
11047374.0 11129838.0 22204695.0
11059331.0 11119919.0 22206861.0
11051560.0 11124910.0 22196630.0
7117025.0 7168576.0 14309796.0
7116919.0 7166571.0 14312507.0
7118612.0 7161008.0 14310750.0
7116417.0 7169755.0 14311748.0
7122036.0 7166681.0 14302903.0
7123281.0 7166129.0 14313237.0
7121099.0 7167989.0 14307019.0
7124672.0 7173155.0 14314895.0
7124420.0 7176965.0 14319134.0
7122688.0 7170259.0 14315330.0
7137419.0 7172250.0 14325764.0
7126390.0 7173225.0 14317068.0
7123627.0 7167460.0 14315656.0
7119129.0 7162879.0 14301198.0
7122369.0 7170893.0 14311273.0
7122505.0 7161108.0 14308425.0
7116124.0 7166178.0 14308828.0
7128757.0 7164588.0 14303537.0
7131431.0 7164091.0 14312475.0
7129172.0 7171134.0 14333407.0
4934091.0 4968063.0 9911958.0
4932122.0 4966462.0 9914961.0
4934499.0 4961607.0 9908887.0
4925729.0 4960846.0 9893811.0
4926349.0 4954477.0 9885992.0
4926579.0 4959723.0 9898539.0
4923820.0 4956322.0 9903052.0
4928034.0 4958587.0 9909727.0
4934488.0 4963256.0 9911472.0
4931341.0 4962779.0 9911253.0
4935904.0 4964270.0 9906788.0
4931823.0 4964036.0 9912224.0
4935545.0 4962963.0 9904768.0
4931292.0 4960263.0 9909732.0
4935140.0 4967622.0 9904654.0
4930023.0 4959856.0 9908128.0
4928501.0 4962952.0 9910658.0
4928162.0 4966193.0 9904064.0
4933529.0 4965165.0 9910493.0
4925195.0 4964288.0 9902974.0
3162391.0 3181228.0 6349080.0
3163984.0 3186298.0 6359022.0
3164207.0 3183339.0 6354448.0
3164425.0 3185156.0 6354350.0
3164669.0 3183032.0 6357879.0
3165201.0 3184570.0 6363588.0
3170756.0 3186426.0 6364166.0
3168273.0 3188811.0 6357943.0
3165954.0 3184533.0 6356285.0
3163726.0 3186701.0 6355660.0
3163939.0 3186743.0 6353998.0
3168165.0 3179491.0 6345278.0
3163179.0 3181874.0 6353165.0
3163017.0 3186569.0 6360694.0
3164027.0 3183087.0 6353349.0
3166834.0 3187305.0 6357575.0
3163921.0 3186013.0 6351984.0
3162958.0 3178027.0 6352720.0
3164840.0 3177634.0 6345458.0
3164539.0 3181758.0 6353850.0
2147571.0 2162306.0 4312833.0
2149217.0 2161483.0 4314121.0
2147588.0 2162817.0 4319575.0
2149905.0 2161827.0 4320131.0
2148081.0 2163586.0 4315335.0
2147105.0 2161310.0 4316812.0
2146405.0 2161604.0 4312664.0
2152569.0 2158940.0 4311248.0
2148706.0 2160895.0 4313237.0
2149129.0 2160434.0 4319325.0
2145243.0 2162494.0 4313551.0
2149325.0 2163939.0 4315370.0
2147391.0 2165024.0 4315720.0
2151122.0 2160065.0 4305799.0
2148155.0 2162136.0 4318489.0
2149216.0 2158535.0 4316362.0
2148413.0 2158853.0 4316230.0
2146802.0 2161191.0 4317586.0
2149286.0 2162201.0 4316099.0
2149923.0 2161468.0 4318730.0
1439442.0 1446835.0 2890544.0
1440139.0 1449091.0 2890751.0
1439131.0 1450177.0 2891395.0
1437675.0 1450175.0 2889487.0
1438453.0 1447701.0 2890822.0
1439515.0 1449791.0 2890831.0
1438458.0 1449462.0 2887540.0
1438238.0 1450965.0 2893569.0
1438580.0 1451279.0 2892519.0
1439663.0 1451113.0 2892114.0
1440724.0 1451797.0 2890979.0
1437712.0 1449787.0 2890633.0
1438643.0 1449592.0 2889263.0
1441040.0 1450690.0 2893304.0
1440191.0 1450856.0 2891599.0
1441909.0 1449205.0 2893017.0
1441911.0 1449069.0 2891821.0
1438587.0 1450903.0 2893879.0
1439165.0 1447714.0 2889176.0
1437781.0 1447506.0 2886042.0
957270.0 964751.0 1926397.0
957780.0 965415.0 1926677.0
957540.0 964511.0 1925933.0
960045.0 964813.0 1926017.0
958765.0 964612.0 1927319.0
961920.0 968354.0 1930487.0
960895.0 965211.0 1927415.0
960011.0 967309.0 1926735.0
959699.0 966951.0 1925276.0
958640.0 967199.0 1922741.0
957283.0 967525.0 1922793.0
957435.0 965292.0 1925974.0
958156.0 964500.0 1923571.0
957170.0 967343.0 1925649.0
959193.0 967065.0 1928077.0
958520.0 966885.0 1925926.0
959204.0 966421.0 1926752.0
958740.0 964582.0 1924223.0
959332.0 964072.0 1924884.0
957869.0 967123.0 1923359.0
632084.0 639004.0 1271608.0
633274.0 639209.0 1275464.0
634961.0 639600.0 1274767.0
633354.0 639084.0 1273027.0
633192.0 639648.0 1273683.0
634387.0 638972.0 1274408.0
633511.0 640353.0 1275265.0
632414.0 640918.0 1272926.0
633036.0 640560.0 1275125.0
635692.0 640095.0 1272576.0
632741.0 637528.0 1272563.0
632584.0 640136.0 1273748.0
634516.0 638039.0 1276179.0
634624.0 639014.0 1275268.0
633535.0 639017.0 1276530.0
632631.0 641178.0 1274238.0
633128.0 640258.0 1275432.0
634799.0 639460.0 1272017.0
634517.0 638555.0 1273527.0
632999.0 640121.0 1274652.0
435647.0 440255.0 875369.0
436466.0 439145.0 875209.0
435065.0 438407.0 875911.0
436782.0 439211.0 875323.0
436137.0 438630.0 876119.0
436855.0 439504.0 875692.0
435099.0 439470.0 874121.0
434535.0 439259.0 875291.0
434027.0 438669.0 874863.0
435218.0 438621.0 874690.0
434534.0 438418.0 874207.0
433974.0 439459.0 877945.0
434519.0 439300.0 873425.0
436391.0 439615.0 875985.0
435336.0 439641.0 875757.0
435261.0 439085.0 875228.0
435419.0 438552.0 873133.0
435043.0 438559.0 875333.0
436138.0 437474.0 876059.0
435811.0 440040.0 875255.0
289565.0 292669.0 581556.0
290021.0 292309.0 581622.0
289550.0 292745.0 581981.0
289285.0 292171.0 582414.0
288993.0 291490.0 583072.0
288473.0 291332.0 580250.0
288723.0 291690.0 582106.0
289779.0 292698.0 583481.0
290408.0 292617.0 581250.0
289905.0 291860.0 582521.0
289640.0 293234.0 582525.0
289237.0 292993.0 584223.0
290559.0 293038.0 581937.0
289939.0 291793.0 581910.0
289008.0 292372.0 582076.0
289433.0 291298.0 581755.0
289062.0 291532.0 582924.0
290074.0 293184.0 582435.0
289440.0 292783.0 583353.0
290345.0 292104.0 583609.0
187715.0 190148.0 378947.0
188028.0 191318.0 378667.0
188059.0 190119.0 378824.0
188348.0 190283.0 379502.0
188552.0 190031.0 378351.0
188162.0 190304.0 379566.0
188257.0 191035.0 379835.0
186870.0 190684.0 378361.0
188172.0 190981.0 378902.0
188045.0 190173.0 379620.0
188466.0 190477.0 379125.0
187965.0 190041.0 377995.0
188391.0 189608.0 378877.0
188007.0 190326.0 379124.0
189166.0 190017.0 379789.0
187667.0 190312.0 380342.0
188866.0 191138.0 379611.0
187843.0 191072.0 378863.0
187638.0 189975.0 379336.0
188392.0 190772.0 379407.0
130067.0 131908.0 261329.0
129695.0 131395.0 260395.0
129398.0 131128.0 260806.0
129846.0 131160.0 260743.0
129594.0 131798.0 261803.0
129959.0 131942.0 261682.0
130134.0 131619.0 261762.0
129583.0 131294.0 261180.0
130022.0 131089.0 261073.0
129804.0 130623.0 260643.0
129327.0 131106.0 260457.0
129260.0 131422.0 261126.0
129649.0 131141.0 261247.0
129643.0 131905.0 261577.0
130050.0 131214.0 261085.0
129446.0 131096.0 261232.0
129740.0 131054.0 261290.0
129795.0 131568.0 261097.0
129374.0 131932.0 262031.0
129548.0 131770.0 260190.0
87716.0 89096.0 177326.0
88648.0 89909.0 178492.0
88091.0 88956.0 177534.0
88117.0 89502.0 177228.0
88906.0 89289.0 177838.0
88266.0 89629.0 178346.0
88419.0 89007.0 178041.0
88385.0 89212.0 176634.0
88419.0 88833.0 177192.0
88336.0 88945.0 177768.0
87989.0 89076.0 177181.0
88776.0 89217.0 177927.0
88246.0 89657.0 177823.0
88144.0 88788.0 177022.0
88487.0 89259.0 178120.0
87935.0 89470.0 177656.0
87636.0 89309.0 177941.0
88444.0 88953.0 177881.0
88237.0 88789.0 177109.0
89050.0 89701.0 177759.0
54164.0 54926.0 110250.0
54255.0 54791.0 109421.0
54409.0 55448.0 109930.0
53959.0 55277.0 109279.0
54233.0 54733.0 109895.0
53978.0 54967.0 109950.0
54209.0 54752.0 109077.0
54666.0 54784.0 109400.0
54395.0 54682.0 109049.0
54438.0 55023.0 109808.0
54681.0 55363.0 109586.0
54556.0 55642.0 109737.0
54422.0 55326.0 109926.0
54597.0 54942.0 109930.0
54923.0 54985.0 109070.0
54269.0 55059.0 109902.0
54116.0 55074.0 109511.0
54311.0 55366.0 109155.0
54450.0 55263.0 109534.0
54300.0 55391.0 109021.0
35850.0 35819.0 71613.0
35430.0 36173.0 71886.0
36032.0 35913.0 71782.0
35922.0 36225.0 71669.0
35775.0 35833.0 71688.0
35544.0 36321.0 71934.0
35704.0 36054.0 71982.0
35748.0 36408.0 71770.0
35885.0 35927.0 71558.0
35290.0 35908.0 71783.0
36030.0 36220.0 71804.0
35487.0 36087.0 71718.0
35898.0 36191.0 71425.0
35913.0 36224.0 71835.0
35431.0 36072.0 72052.0
35818.0 36564.0 72544.0
35546.0 36412.0 71952.0
36023.0 36398.0 71734.0
35613.0 36044.0 72408.0
35605.0 36284.0 71941.0
27381.0 27871.0 55344.0
27535.0 27751.0 55707.0
27693.0 28154.0 56141.0
27345.0 27983.0 55991.0
27695.0 28299.0 55756.0
27691.0 27965.0 55685.0
27701.0 27739.0 55062.0
27675.0 27896.0 55287.0
27527.0 28070.0 55699.0
27554.0 27986.0 55544.0
27886.0 28094.0 55428.0
27787.0 28131.0 55441.0
27283.0 28280.0 55779.0
27730.0 27892.0 55250.0
27680.0 28068.0 55176.0
27513.0 27857.0 55476.0
27821.0 28449.0 55659.0
27617.0 28129.0 55602.0
27753.0 28243.0 55777.0
27373.0 28207.0 55860.0
17386.0 17662.0 35112.0
17539.0 17827.0 35325.0
17578.0 17876.0 34978.0
17402.0 17719.0 35308.0
17518.0 17747.0 35141.0
17774.0 17748.0 35174.0
17489.0 17755.0 35333.0
17453.0 17724.0 35076.0
17461.0 17670.0 35157.0
17499.0 17646.0 35112.0
17569.0 17583.0 35212.0
17309.0 17899.0 34772.0
17511.0 17956.0 35199.0
17340.0 17839.0 35261.0
17752.0 17729.0 35231.0
17423.0 17576.0 35204.0
17497.0 17833.0 35390.0
17525.0 17774.0 35149.0
17580.0 17579.0 35236.0
17517.0 17825.0 35303.0
10938.0 10890.0 21976.0
10871.0 11158.0 22219.0
10994.0 11232.0 21877.0
10991.0 11169.0 22394.0
10918.0 11257.0 21975.0
10983.0 11337.0 21912.0
10935.0 11138.0 21938.0
10935.0 11047.0 22016.0
10880.0 11083.0 21964.0
10958.0 11250.0 22064.0
10832.0 11151.0 22292.0
11077.0 11045.0 22158.0
10821.0 11002.0 21982.0
10971.0 10904.0 21955.0
11086.0 12011.0 21864.0
10756.0 11237.0 22421.0
11028.0 11070.0 21921.0
10733.0 11041.0 21872.0
11061.0 11140.0 21719.0
10955.0 11222.0 22045.0
7520.0 7549.0 14986.0
7537.0 7596.0 14929.0
7472.0 7584.0 15160.0
7345.0 7677.0 14864.0
7364.0 7681.0 14916.0
7293.0 7771.0 14916.0
7679.0 7629.0 14901.0
7457.0 7563.0 14846.0
7422.0 7740.0 15174.0
7578.0 7607.0 14829.0
7541.0 7570.0 15038.0
7472.0 7706.0 14807.0
7570.0 7672.0 14876.0
7499.0 7606.0 15090.0
7526.0 7674.0 14964.0
7480.0 7409.0 14929.0
7493.0 7623.0 15124.0
7507.0 7876.0 15118.0
7383.0 7584.0 15062.0
7483.0 7608.0 14915.0
4944.0 5072.0 10204.0
4876.0 5062.0 10046.0
4864.0 4951.0 9729.0
4961.0 5188.0 9960.0
5040.0 5047.0 9847.0
4988.0 5037.0 9759.0
4778.0 5051.0 9866.0
4857.0 5075.0 10134.0
4897.0 5050.0 9992.0
5109.0 5177.0 9814.0
4929.0 5053.0 9911.0
4970.0 5069.0 10009.0
4896.0 5046.0 9748.0
4991.0 5026.0 9843.0
4963.0 5040.0 9914.0
4860.0 5023.0 9801.0
4874.0 4870.0 9865.0
5089.0 5054.0 9725.0
4992.0 5024.0 9865.0
4985.0 5089.0 10011.0
3194.0 3322.0 6406.0
3261.0 3292.0 6516.0
3178.0 3428.0 6418.0
3174.0 3268.0 6418.0
3226.0 3351.0 6338.0
3245.0 3340.0 6583.0
3228.0 3166.0 6362.0
3191.0 3352.0 6474.0
3259.0 3332.0 6470.0
3363.0 3382.0 6712.0
3190.0 3384.0 6441.0
3238.0 3351.0 6262.0
3106.0 3179.0 6398.0
3233.0 3214.0 6384.0
3202.0 3507.0 6395.0
3151.0 3349.0 6436.0
3259.0 3197.0 6546.0
3210.0 3247.0 6525.0
3329.0 3257.0 6275.0
3259.0 3326.0 6421.0
2039.0 2100.0 4041.0
2136.0 2095.0 3948.0
2104.0 2043.0 4066.0
2071.0 2091.0 4140.0
2109.0 2150.0 4292.0
2031.0 2088.0 4068.0
2088.0 2041.0 3982.0
2082.0 2193.0 4129.0
1999.0 2173.0 4147.0
2107.0 2149.0 4130.0
2009.0 2076.0 4085.0
2028.0 2118.0 4128.0
2093.0 2117.0 4162.0
2025.0 2180.0 4071.0
2091.0 2065.0 4165.0
2097.0 2147.0 4098.0
3142.0 3368.0 4167.0
2105.0 2085.0 4172.0
2028.0 2167.0 4065.0
2010.0 2125.0 4029.0
1436.0 1520.0 2765.0
1477.0 1484.0 2806.0
1422.0 1495.0 2727.0
1434.0 1513.0 2893.0
1440.0 1510.0 2751.0
1454.0 1443.0 2870.0
1415.0 1524.0 2932.0
1421.0 1463.0 2836.0
1446.0 1476.0 2858.0
2255.0 3977.0 2818.0
1478.0 1505.0 2826.0
1470.0 1447.0 2803.0
1427.0 1557.0 2805.0
1492.0 1511.0 2831.0
1388.0 1498.0 2915.0
1428.0 1453.0 2841.0
1404.0 1493.0 2847.0
1451.0 1498.0 2869.0
1443.0 1543.0 3820.0
1448.0 1543.0 2734.0
2151.0 1085.0 1932.0
983.0 1063.0 2035.0
946.0 1058.0 1941.0
1009.0 1078.0 1954.0
959.0 1091.0 1912.0
967.0 1092.0 1923.0
1045.0 970.0 1994.0
966.0 2330.0 1958.0
1056.0 1029.0 1903.0
1074.0 1076.0 1980.0
955.0 1055.0 1965.0
1013.0 1051.0 1918.0
1014.0 1065.0 1951.0
1022.0 1128.0 1950.0
971.0 1054.0 1967.0
988.0 1044.0 1906.0
1029.0 1030.0 1909.0
1009.0 1094.0 1914.0
997.0 1083.0 3858.0
1048.0 1023.0 1983.0
896.0 944.0 1701.0
852.0 934.0 1725.0
896.0 1000.0 1725.0
914.0 909.0 1679.0
958.0 1008.0 1659.0
894.0 950.0 1724.0
920.0 905.0 1737.0
912.0 929.0 1785.0
921.0 974.0 2009.0
959.0 943.0 1732.0
861.0 900.0 1733.0
898.0 905.0 1735.0
903.0 950.0 1724.0
878.0 939.0 1670.0
931.0 969.0 1769.0
1027.0 941.0 1749.0
939.0 936.0 1708.0
888.0 944.0 1749.0
915.0 988.0 1721.0
866.0 1025.0 1702.0
458.0 442.0 757.0
432.0 485.0 864.0
428.0 455.0 825.0
406.0 481.0 988.0
443.0 517.0 771.0
432.0 481.0 766.0
424.0 485.0 819.0
441.0 509.0 778.0
456.0 487.0 815.0
454.0 472.0 873.0
451.0 492.0 793.0
444.0 492.0 831.0
463.0 495.0 783.0
463.0 477.0 793.0
443.0 898.0 798.0
447.0 508.0 766.0
439.0 507.0 754.0
401.0 469.0 820.0
435.0 472.0 856.0
423.0 477.0 1005.0
411.0 439.0 731.0
403.0 409.0 743.0
404.0 424.0 690.0
387.0 455.0 719.0
399.0 450.0 673.0
360.0 412.0 782.0
361.0 450.0 694.0
410.0 557.0 656.0
396.0 381.0 683.0
420.0 440.0 690.0
382.0 433.0 697.0
414.0 731.0 727.0
412.0 400.0 684.0
350.0 458.0 676.0
365.0 391.0 698.0
374.0 477.0 714.0
348.0 444.0 719.0
403.0 414.0 715.0
382.0 462.0 647.0
387.0 420.0 668.0
