440.0 442.0 792.0
421.0 451.0 777.0
420.0 445.0 764.0
423.0 477.0 792.0
418.0 477.0 760.0
410.0 477.0 754.0
418.0 480.0 801.0
449.0 453.0 790.0
440.0 467.0 829.0
456.0 432.0 793.0
431.0 455.0 792.0
459.0 463.0 763.0
408.0 461.0 742.0
430.0 423.0 834.0
463.0 458.0 767.0
401.0 476.0 844.0
416.0 462.0 800.0
438.0 460.0 817.0
472.0 477.0 750.0
447.0 442.0 759.0
635.0 645.0 1197.0
614.0 692.0 1204.0
665.0 665.0 1220.0
645.0 663.0 1245.0
621.0 627.0 1278.0
648.0 675.0 1210.0
671.0 677.0 1257.0
646.0 677.0 1283.0
660.0 741.0 1212.0
624.0 711.0 1234.0
686.0 719.0 1161.0
706.0 665.0 1278.0
659.0 721.0 1237.0
638.0 700.0 1244.0
623.0 712.0 1270.0
649.0 657.0 1296.0
708.0 708.0 1185.0
704.0 675.0 1246.0
680.0 710.0 1216.0
668.0 684.0 1211.0
1121.0 1153.0 2106.0
1160.0 1188.0 2132.0
1093.0 1183.0 2185.0
1094.0 1155.0 2063.0
1076.0 1178.0 2071.0
1060.0 1126.0 2136.0
1114.0 1125.0 2063.0
1063.0 1117.0 2077.0
1063.0 1121.0 2099.0
1092.0 1110.0 2113.0
1044.0 1101.0 2068.0
1112.0 1135.0 2170.0
1136.0 1127.0 2122.0
1095.0 1094.0 2142.0
1103.0 1150.0 2079.0
1048.0 1158.0 2108.0
1085.0 1085.0 2062.0
1098.0 1152.0 2215.0
1097.0 1171.0 2015.0
1061.0 1146.0 2145.0
1751.0 1947.0 3571.0
1747.0 1911.0 3549.0
1819.0 1863.0 3464.0
1757.0 1834.0 3463.0
1775.0 1863.0 3488.0
1752.0 1940.0 3483.0
1792.0 1848.0 3553.0
1838.0 1901.0 3499.0
1852.0 1896.0 3325.0
1841.0 1821.0 3413.0
1790.0 1956.0 3498.0
1862.0 1910.0 3528.0
1871.0 1898.0 3517.0
1741.0 1904.0 3557.0
1797.0 1894.0 3529.0
1875.0 1913.0 3522.0
1770.0 1833.0 3543.0
1820.0 1942.0 3558.0
1821.0 1897.0 3510.0
1825.0 1909.0 3510.0
2523.0 2656.0 4988.0
2479.0 2617.0 5139.0
2567.0 3221.0 5181.0
2558.0 2715.0 5037.0
2628.0 2711.0 5229.0
2590.0 2641.0 4997.0
2602.0 2691.0 5089.0
2701.0 2636.0 5139.0
2600.0 2654.0 5177.0
2595.0 2708.0 5147.0
2531.0 2641.0 5179.0
2648.0 2695.0 5186.0
2573.0 2750.0 5205.0
2513.0 2675.0 5098.0
2523.0 2737.0 5064.0
2538.0 2644.0 5372.0
2507.0 2600.0 5162.0
2624.0 2644.0 5080.0
2521.0 2718.0 4973.0
2627.0 2640.0 5127.0
4094.0 4286.0 7997.0
4109.0 4178.0 8182.0
4072.0 4276.0 7987.0
3934.0 4176.0 8187.0
3999.0 4276.0 8274.0
4012.0 4279.0 8138.0
3966.0 4220.0 8192.0
4131.0 4145.0 7967.0
4086.0 4241.0 8404.0
4070.0 4151.0 8257.0
4049.0 4192.0 8155.0
4027.0 4366.0 8199.0
4047.0 4318.0 8246.0
4075.0 4250.0 8065.0
4006.0 4240.0 8131.0
4119.0 4233.0 8435.0
4088.0 4224.0 8131.0
4030.0 4194.0 8158.0
4017.0 4225.0 8245.0
4071.0 4277.0 8279.0
6360.0 6394.0 12695.0
6198.0 6384.0 12433.0
6413.0 6429.0 12609.0
6201.0 6523.0 12529.0
6295.0 6453.0 12871.0
6199.0 6357.0 12579.0
6219.0 6360.0 12663.0
6260.0 6500.0 12634.0
6364.0 6380.0 12877.0
6329.0 6459.0 12487.0
6386.0 6390.0 12711.0
6240.0 6340.0 12540.0
6416.0 6489.0 12597.0
6277.0 6411.0 12658.0
6277.0 6674.0 12752.0
6238.0 6488.0 12442.0
6359.0 6383.0 12514.0
6222.0 6447.0 12531.0
6270.0 6420.0 12607.0
6310.0 6512.0 12531.0
8626.0 8815.0 17224.0
8704.0 8667.0 17282.0
8685.0 8739.0 17362.0
8540.0 8843.0 16998.0
8683.0 8558.0 17345.0
8583.0 8831.0 17220.0
8725.0 8794.0 17105.0
8685.0 8751.0 17231.0
8551.0 8915.0 17345.0
8461.0 8738.0 17142.0
8440.0 8788.0 17148.0
8485.0 8637.0 17373.0
8561.0 8773.0 17325.0
8573.0 8646.0 17288.0
8481.0 8851.0 17448.0
8628.0 8752.0 17272.0
8674.0 8902.0 17290.0
8528.0 8672.0 17300.0
8680.0 8844.0 17347.0
8771.0 8709.0 17261.0
12939.0 13447.0 26060.0
12724.0 13067.0 25714.0
12761.0 12957.0 25748.0
12846.0 13066.0 25694.0
12811.0 13194.0 25715.0
12651.0 13183.0 26177.0
12911.0 13102.0 26079.0
13190.0 13220.0 25982.0
12701.0 12998.0 25657.0
12876.0 13248.0 25692.0
12804.0 13062.0 25805.0
13061.0 13037.0 25710.0
12980.0 13224.0 25941.0
12746.0 13327.0 25562.0
12729.0 13082.0 26281.0
13019.0 13062.0 25752.0
12979.0 13021.0 25654.0
12751.0 13086.0 25815.0
13031.0 13015.0 26092.0
12909.0 13075.0 25989.0
18613.0 18644.0 36983.0
18664.0 18981.0 37220.0
18363.0 18772.0 37290.0
18607.0 19111.0 37446.0
18389.0 18920.0 36921.0
18606.0 18927.0 37252.0
18602.0 18794.0 37356.0
18459.0 18856.0 37165.0
18762.0 18875.0 37458.0
18736.0 19009.0 37510.0
18347.0 18946.0 36970.0
18451.0 18833.0 37075.0
18565.0 18670.0 37549.0
18712.0 18536.0 37144.0
18365.0 18880.0 37574.0
18742.0 18545.0 37312.0
18495.0 18826.0 37443.0
18169.0 18920.0 37010.0
18533.0 18901.0 37384.0
18549.0 18765.0 36622.0
30218.0 30557.0 60268.0
29824.0 30224.0 60217.0
29810.0 30155.0 60340.0
29706.0 30656.0 60771.0
30117.0 30417.0 59762.0
29664.0 30518.0 59996.0
30119.0 30210.0 60424.0
29935.0 30286.0 60175.0
29871.0 30387.0 59896.0
29654.0 30444.0 60067.0
29531.0 30381.0 60234.0
29893.0 30269.0 60115.0
29965.0 30266.0 59890.0
29888.0 30246.0 60149.0
29964.0 30750.0 60447.0
29664.0 30268.0 59965.0
29989.0 30360.0 60123.0
29542.0 30443.0 60635.0
29702.0 30210.0 60145.0
30140.0 30180.0 60238.0
46807.0 47425.0 93807.0
46778.0 47011.0 94773.0
46536.0 47479.0 94018.0
46450.0 47109.0 94325.0
46266.0 47405.0 94329.0
46535.0 47704.0 93862.0
46291.0 46894.0 93435.0
46499.0 47244.0 93597.0
46511.0 47263.0 93691.0
46580.0 47295.0 93673.0
46860.0 47637.0 94420.0
46639.0 47121.0 93677.0
46470.0 47024.0 93827.0
46655.0 47289.0 93993.0
46519.0 47705.0 94374.0
46639.0 47298.0 93490.0
46767.0 47440.0 93775.0
46468.0 47503.0 93818.0
46440.0 46704.0 94064.0
46418.0 47366.0 93844.0
65852.0 66125.0 131950.0
65852.0 66787.0 131906.0
65243.0 66504.0 131919.0
65900.0 66310.0 132334.0
65840.0 66376.0 132038.0
65663.0 66458.0 131818.0
65724.0 66394.0 132104.0
65617.0 65742.0 132130.0
65471.0 66789.0 132171.0
65131.0 66357.0 132056.0
65464.0 66482.0 132481.0
65533.0 66099.0 132075.0
62849.0 66257.0 132069.0
65299.0 66485.0 132338.0
65265.0 66510.0 131811.0
65489.0 66379.0 131841.0
65662.0 66207.0 132484.0
65847.0 66252.0 132027.0
65503.0 66130.0 132045.0
65734.0 66268.0 132243.0
98896.0 99656.0 198877.0
99174.0 100272.0 199273.0
99075.0 100405.0 199771.0
98540.0 99822.0 198988.0
98779.0 100520.0 198973.0
98791.0 100555.0 199433.0
98443.0 100167.0 198518.0
98638.0 99935.0 198666.0
98978.0 99499.0 198966.0
99226.0 99829.0 198465.0
99005.0 100375.0 198688.0
99073.0 93259.0 199565.0
98707.0 99803.0 198959.0
98374.0 99912.0 199312.0
99257.0 99721.0 199009.0
98583.0 99565.0 198826.0
99072.0 99827.0 199097.0
99545.0 100168.0 198971.0
98921.0 99856.0 198681.0
98973.0 100201.0 199794.0
158285.0 160403.0 317804.0
157872.0 159923.0 318739.0
158272.0 160196.0 319480.0
158526.0 159998.0 319019.0
158364.0 160257.0 319757.0
159059.0 160013.0 319357.0
158960.0 160520.0 318921.0
159288.0 160494.0 319861.0
159139.0 159758.0 318464.0
159114.0 159792.0 319550.0
158387.0 160607.0 319950.0
149744.0 159984.0 319610.0
158223.0 160183.0 318772.0
159046.0 159927.0 319236.0
158405.0 160662.0 319855.0
158789.0 160539.0 319666.0
158407.0 160192.0 319042.0
159370.0 159259.0 319123.0
158423.0 160123.0 318569.0
158378.0 160346.0 319541.0
232143.0 234622.0 466665.0
231376.0 234365.0 467100.0
231074.0 234261.0 465919.0
232097.0 233966.0 465959.0
231548.0 234790.0 465899.0
231907.0 233872.0 465467.0
231664.0 233592.0 466594.0
230879.0 234047.0 466242.0
232636.0 234547.0 467832.0
231447.0 234724.0 466413.0
231524.0 233985.0 467192.0
231049.0 233695.0 465019.0
231438.0 234270.0 466516.0
231851.0 234360.0 466869.0
231990.0 233634.0 466449.0
230885.0 234509.0 467529.0
231309.0 233527.0 465839.0
230692.0 233496.0 466878.0
231525.0 234913.0 465872.0
231730.0 234599.0 466196.0
333363.0 337723.0 673355.0
334243.0 337118.0 672950.0
333894.0 338052.0 672533.0
334859.0 337473.0 672602.0
333745.0 336874.0 672538.0
333692.0 337213.0 671808.0
333546.0 336653.0 672856.0
334307.0 337027.0 671498.0
334669.0 336315.0 671062.0
333621.0 336436.0 670766.0
334002.0 337516.0 671203.0
334542.0 336945.0 672804.0
334740.0 337246.0 671945.0
334274.0 336882.0 672149.0
335074.0 337053.0 671696.0
334062.0 337717.0 672065.0
334109.0 336569.0 671240.0
333952.0 337076.0 670772.0
334070.0 337624.0 672968.0
334052.0 337518.0 671720.0
508611.0 512738.0 1024715.0
509015.0 513257.0 1025520.0
476004.0 513843.0 1022165.0
510308.0 513128.0 1023051.0
511177.0 514409.0 1024082.0
509468.0 513788.0 1023311.0
508728.0 513530.0 1022970.0
508433.0 514069.0 1023746.0
510267.0 513900.0 1022917.0
509195.0 513166.0 1023665.0
509863.0 513204.0 1023500.0
510494.0 512763.0 1023637.0
509627.0 513207.0 1023202.0
509622.0 513675.0 1024914.0
509343.0 513599.0 1025390.0
510128.0 512344.0 1023878.0
508322.0 512374.0 1023229.0
508954.0 512439.0 1024368.0
509358.0 513220.0 1024732.0
509011.0 513233.0 1021717.0
800096.0 807976.0 1611568.0
800073.0 809374.0 1612084.0
800149.0 808648.0 1610713.0
799477.0 808288.0 1611663.0
800223.0 808142.0 1611014.0
801074.0 809547.0 1610699.0
801642.0 808267.0 1610176.0
801757.0 809144.0 1608841.0
801365.0 807986.0 1610140.0
800675.0 808638.0 1611841.0
802052.0 807735.0 1609519.0
799852.0 809677.0 1610163.0
800796.0 808323.0 1609041.0
802499.0 808518.0 1609055.0
707927.0 808666.0 1609233.0
801200.0 808212.0 1609799.0
798724.0 808919.0 1607535.0
799978.0 807014.0 1611871.0
801791.0 808326.0 1609173.0
802460.0 807792.0 1609545.0
1217137.0 1226510.0 2446655.0
1215562.0 1227071.0 2444108.0
1217195.0 1226734.0 2446757.0
1218199.0 1228758.0 2447788.0
1216163.0 1225854.0 2444737.0
1216432.0 1156743.0 2444958.0
1216827.0 1227890.0 2448442.0
1216430.0 1228156.0 2446745.0
1214913.0 1229678.0 2445997.0
1214653.0 1228759.0 2446888.0
1216770.0 1228154.0 2444536.0
1216460.0 1227258.0 2449234.0
1217916.0 1226960.0 2447104.0
1217169.0 1227330.0 2445722.0
1219131.0 1226839.0 2447205.0
1216724.0 1228394.0 2445407.0
1217507.0 1227273.0 2445487.0
1216804.0 1227733.0 2447367.0
1215807.0 1225911.0 2445205.0
1215637.0 1228143.0 2447991.0
1838969.0 1852867.0 3695438.0
1842273.0 1853273.0 3696788.0
1838885.0 1855228.0 3695048.0
1839415.0 1854618.0 3694350.0
1841827.0 1736655.0 3695785.0
1841968.0 1855247.0 3693222.0
1839594.0 1853873.0 3693564.0
1842044.0 1852388.0 3692119.0
1838851.0 1852958.0 3693382.0
1841034.0 1855134.0 3695011.0
1838244.0 1852279.0 3696804.0
1839823.0 1852730.0 3692976.0
1838030.0 1852626.0 3692512.0
1840698.0 1853943.0 3695913.0
1837862.0 1851893.0 3699334.0
1840219.0 1850649.0 3696476.0
1839821.0 1855195.0 3695074.0
1841553.0 1852249.0 3692024.0
1841267.0 1853569.0 3697274.0
1838150.0 1854172.0 3691475.0
2587991.0 2763827.0 5503057.0
2746401.0 2766287.0 5504765.0
2745391.0 2763429.0 5508130.0
2743696.0 2763846.0 5507512.0
2745809.0 2765311.0 5507741.0
2743256.0 2765090.0 5506452.0
2742518.0 2763517.0 5506151.0
2744297.0 2760890.0 5508432.0
2741717.0 2763200.0 5504459.0
2743483.0 2762232.0 5505487.0
2742429.0 2762729.0 5506432.0
2744170.0 2763576.0 5502727.0
2743900.0 2763481.0 5512624.0
2744831.0 2764937.0 5506728.0
2744850.0 2769644.0 5506438.0
2743350.0 2763726.0 5504627.0
2740283.0 2765823.0 5509735.0
2743909.0 2763963.0 5505690.0
2744504.0 2764589.0 5505138.0
2743201.0 2763300.0 5506722.0
4071305.0 4092135.0 8156917.0
4070289.0 4094098.0 8155298.0
4073211.0 4095584.0 8156776.0
4072841.0 4092421.0 8155503.0
4074018.0 4099119.0 8152838.0
4071263.0 4094973.0 8159485.0
4072884.0 4093012.0 8155059.0
4071240.0 4095147.0 8157937.0
4068038.0 4091574.0 8152521.0
4069861.0 4093660.0 8150422.0
4067988.0 4093078.0 8149559.0
4070285.0 4093549.0 8148645.0
4076390.0 4095078.0 8157029.0
4074427.0 4090852.0 8153544.0
4071189.0 4094587.0 8155365.0
4070333.0 4094656.0 8155173.0
4072806.0 3923852.0 8146960.0
4068047.0 4094465.0 8154618.0
4068819.0 4093971.0 8152586.0
4065790.0 4094470.0 8150942.0
5968615.0 6018748.0 11959795.0
5967425.0 6014396.0 11961842.0
5969553.0 6013654.0 11958562.0
5970750.0 6018618.0 11966010.0
5971723.0 6019037.0 11960163.0
5969410.0 6016291.0 11967901.0
5973737.0 6014345.0 11968226.0
5974096.0 6023280.0 11963577.0
5975101.0 6022331.0 11964944.0
5970924.0 6016227.0 11962592.0
5971304.0 6017034.0 11955697.0
5974606.0 6019638.0 11967981.0
5975721.0 6020972.0 11971114.0
5975335.0 6023890.0 11971172.0
5978921.0 6020732.0 11970967.0
5977155.0 6023043.0 11971667.0
5973134.0 6020312.0 11966514.0
5975164.0 6015277.0 11965497.0
5969539.0 6014504.0 11959575.0
5973566.0 6024058.0 11963881.0
9205790.0 9261679.0 18400097.0
9205595.0 9258608.0 18392264.0
9209429.0 9262482.0 18395689.0
9214728.0 9259811.0 18395832.0
9206703.0 9259589.0 18390973.0
9211838.0 9256152.0 18392703.0
9208701.0 9252712.0 18390187.0
9203799.0 9257806.0 18400944.0
9211814.0 9259448.0 18402653.0
9209019.0 9262496.0 18394982.0
9213053.0 9258300.0 18389305.0
9208932.0 9261362.0 18397950.0
9200799.0 9261620.0 18378574.0
9205511.0 9252455.0 18383427.0
9203643.0 9254304.0 18394672.0
9198161.0 9251301.0 18396762.0
9214407.0 9252874.0 18392666.0
9205487.0 9257491.0 18402948.0
9210643.0 9264881.0 18403642.0
9213196.0 9257995.0 18389890.0
13675327.0 13752568.0 27237539.0
13666771.0 13751879.0 27246186.0
13666253.0 13756412.0 27256299.0
13670153.0 13755791.0 27260296.0
13666376.0 13759932.0 27255197.0
13684241.0 13764194.0 27262754.0
13671642.0 13756043.0 27255350.0
13667723.0 13759270.0 27254328.0
13670162.0 13758460.0 27246532.0
13674190.0 13764243.0 27255639.0
13672049.0 13758845.0 27261348.0
13678773.0 13760986.0 27265519.0
13672833.0 13758068.0 27262910.0
13675794.0 13756163.0 27255144.0
13681201.0 13761035.0 27271614.0
13680999.0 13758500.0 27264572.0
13676556.0 13757973.0 27267005.0
13674408.0 13760279.0 27246992.0
13674662.0 13751581.0 27259746.0
13670926.0 13754451.0 27260852.0
19943862.0 20077207.0 39650323.0
19948497.0 20073872.0 39644977.0
19950098.0 20080331.0 39635593.0
19949245.0 20062384.0 39647518.0
19952262.0 20089230.0 39661954.0
19960228.0 20084337.0 39667545.0
19964322.0 20097126.0 39656758.0
19950289.0 20076826.0 39673042.0
19959939.0 20071336.0 39643716.0
19948115.0 20083002.0 39641560.0
19950805.0 20071939.0 39647807.0
19954937.0 20076443.0 39657222.0
19954675.0 20085362.0 39645003.0
19956295.0 20074264.0 39654842.0
19947984.0 20069490.0 39639669.0
19957739.0 20086165.0 39672175.0
19969925.0 20079823.0 39674302.0
19963813.0 20096303.0 39692055.0
19973945.0 20083511.0 39671694.0
19965134.0 20078078.0 39653786.0
30329020.0 30485082.0 59926695.0
30332113.0 30487802.0 59935749.0
30339944.0 30493449.0 59952471.0
30334297.0 30498738.0 59986764.0
30324610.0 30495308.0 59952419.0
30336639.0 30511154.0 59930838.0
30333019.0 30495117.0 59928378.0
30321164.0 30515418.0 59939303.0
30326533.0 30510842.0 59915854.0
30312819.0 30503539.0 59951258.0
30313850.0 30502945.0 59909589.0
30311290.0 30495628.0 59887888.0
30312655.0 30493645.0 59918465.0
30316936.0 30496560.0 59909359.0
30305124.0 30497263.0 59923273.0
30314429.0 30490757.0 59919266.0
30321891.0 30502250.0 59922282.0
30311325.0 30496226.0 59913495.0
30320490.0 30508000.0 59922853.0
30311786.0 30496451.0 59920840.0
44747045.0 45062502.0 87864323.0
44737088.0 45055048.0 87870821.0
44733840.0 45058374.0 87841187.0
44749194.0 45053987.0 87855986.0
44736648.0 45024338.0 87857315.0
44741679.0 45051686.0 87842184.0
44751005.0 45065065.0 87872109.0
44759678.0 45054172.0 87887079.0
44761485.0 45070032.0 87888677.0
44783672.0 45098615.0 87913909.0
44767532.0 45074727.0 87915170.0
44735392.0 45051765.0 87815311.0
44753174.0 45043841.0 87881681.0
44777067.0 45075185.0 87907672.0
44786499.0 45068869.0 87911197.0
44768149.0 45080307.0 87917592.0
44786142.0 45063141.0 87898553.0
44781675.0 45086527.0 87893972.0
44771998.0 45078602.0 87911048.0
44747026.0 45057301.0 87859319.0
64600071.0 65061873.0 125669989.0
64607611.0 65054199.0 125717638.0
64633398.0 65085934.0 125670016.0
64577886.0 65078472.0 125695174.0
64563734.0 65060228.0 125686793.0
64580948.0 65064950.0 125684624.0
64619818.0 65066679.0 125707475.0
64629263.0 65096509.0 120109175.0
64625043.0 65093509.0 125731498.0
64622537.0 65089571.0 125748376.0
64645649.0 65109720.0 125729120.0
64606159.0 65097763.0 125713329.0
64573412.0 65075622.0 125671388.0
64671099.0 65052083.0 125652688.0
64615771.0 65045822.0 125730407.0
64622523.0 65103334.0 125761858.0
64623051.0 65069249.0 125768575.0
64634904.0 65129805.0 125782248.0
64638575.0 65114530.0 125746473.0
64634432.0 65092396.0 125673406.0
91614042.0 93832706.0 167999360.0
93070497.0 93747046.0 169745304.0
93088136.0 93761578.0 178841340.0
93044397.0 93742590.0 161526090.0
91063930.0 93716690.0 171306580.0
92991517.0 93707972.0 178742448.0
93015153.0 93709492.0 178816789.0
93079452.0 93739435.0 170782135.0
93085263.0 93818453.0 178861458.0
93095873.0 93753567.0 178869106.0
93086275.0 93751572.0 178794222.0
93031007.0 93754430.0 178798067.0
93023151.0 93748091.0 178763932.0
93038893.0 93801679.0 170346356.0
93046096.0 93691631.0 170238703.0
93083683.0 93773724.0 178877549.0
93088457.0 93766101.0 178902983.0
93123056.0 93776631.0 178902195.0
93066731.0 93765064.0 178887890.0
93055988.0 93756404.0 178824952.0
96562482.0 97156705.0 154934311.0
96648985.0 97212671.0 147867381.0
96693306.0 97203613.0 151990897.0
96695174.0 97228910.0 151119263.0
96675623.0 97213926.0 140336981.0
96621008.0 97157109.0 153025752.0
96607619.0 97106163.0 139585129.0
96518435.0 97096415.0 167353897.0
96074843.0 97157803.0 168467799.0
95446364.0 97179395.0 139917984.0
96674016.0 97223348.0 160825469.0
96668005.0 97226898.0 139303267.0
96614979.0 97173337.0 173981765.0
96576921.0 97174614.0 163127200.0
96561376.0 97086349.0 146133433.0
96509405.0 97035087.0 131493927.0
95231780.0 97113851.0 159947256.0
96635373.0 97160507.0 119389488.0
96683379.0 97189112.0 140944203.0
96639671.0 97188321.0 154576381.0
106402335.0 107090042.0 109372610.0
104292036.0 107076807.0 90616333.0
106369239.0 107026838.0 129168797.0
102137096.0 107063682.0 120872020.0
101154584.0 107077759.0 98415788.0
106457531.0 107118973.0 117953561.0
106489121.0 107107907.0 106952327.0
106461103.0 107138841.0 104272435.0
106433075.0 107131873.0 111504131.0
106428255.0 107124836.0 115333896.0
106456411.0 107073723.0 125534480.0
106465878.0 107115118.0 138380174.0
100771656.0 107111309.0 73402139.0
106461232.0 107099297.0 90920438.0
106451416.0 107085578.0 114230727.0
106476203.0 107139471.0 129008987.0
103248226.0 107146710.0 128358348.0
106494679.0 107135088.0 133565870.0
104411343.0 107120634.0 112115600.0
106486962.0 107105075.0 67581079.0
109714401.0 113331588.0 74079297.0
110556524.0 109940077.0 82173960.0
112845312.0 113404810.0 89565127.0
112877775.0 105955920.0 68690877.0
112883623.0 113450190.0 101704717.0
111834642.0 113517518.0 90448697.0
110455168.0 113404904.0 84197891.0
109138034.0 113397041.0 74066945.0
107921022.0 113221492.0 92145231.0
110779808.0 108156145.0 85277921.0
109347874.0 113516524.0 85897262.0
108246057.0 113482480.0 94309664.0
112952954.0 113480083.0 82849351.0
109919749.0 113419747.0 73685734.0
112768374.0 113452351.0 79453029.0
111114686.0 113404338.0 65012947.0
109771381.0 113295530.0 94990922.0
104135256.0 113242596.0 70023916.0
112677842.0 113296905.0 79454373.0
112847909.0 113412727.0 113320963.0
120025585.0 120631358.0 54023748.0
119109941.0 120570331.0 56168775.0
117163195.0 120493469.0 53859695.0
119913470.0 120566341.0 45349309.0
117933114.0 120616790.0 49186970.0
120000939.0 120516198.0 60022099.0
114800182.0 120561006.0 62920915.0
117914620.0 120359703.0 57416097.0
116485144.0 120629474.0 52074128.0
119249894.0 120572349.0 69786357.0
117867762.0 120533425.0 52596978.0
119987186.0 120567868.0 39035284.0
119043095.0 120587160.0 55121570.0
120097718.0 120541869.0 53199514.0
120037721.0 120539087.0 60765713.0
120048722.0 120632467.0 47556957.0
117610725.0 120667766.0 67667751.0
119976313.0 120618710.0 61550221.0
115025055.0 120636605.0 58208779.0
117744615.0 120635583.0 58170137.0
132160752.0 136721842.0 37150357.0
130060489.0 136728244.0 39761684.0
135584401.0 136729020.0 34454437.0
129641211.0 136701471.0 30843056.0
135558451.0 136720326.0 38663946.0
129583676.0 136767597.0 26621923.0
135539408.0 136713985.0 38653441.0
129771059.0 136724999.0 33759602.0
127646639.0 136741375.0 39970090.0
129953854.0 136790032.0 43641612.0
135632409.0 136713530.0 27930551.0
130634012.0 136803667.0 39613912.0
132843064.0 136838332.0 35767571.0
130543698.0 136761932.0 36797521.0
135743489.0 136763292.0 42538404.0
130505970.0 136714667.0 23522295.0
127854570.0 136747947.0 39010473.0
130643884.0 136679845.0 32632298.0
133198068.0 136746704.0 26874510.0
121868343.0 136735789.0 34350340.0
126626234.0 132081367.0 29229674.0
124730540.0 132019169.0 21617090.0
131138572.0 131946579.0 22096813.0
126407347.0 131999232.0 23445282.0
124857956.0 132063622.0 23727687.0
131289956.0 132112742.0 23617887.0
126091702.0 132092916.0 19490680.0
124140847.0 132041347.0 28086896.0
127106142.0 131779989.0 28429996.0
125227309.0 131918538.0 34754191.0
131140679.0 131953444.0 23747533.0
131247636.0 132103334.0 20560778.0
124961162.0 132083325.0 23461333.0
131266817.0 132103314.0 20414860.0
126722044.0 132121665.0 17099540.0
124903305.0 132027077.0 20560476.0
131194366.0 131997844.0 23744184.0
125969475.0 131933364.0 20930914.0
124098075.0 131970386.0 21426114.0
127161530.0 131977077.0 22754954.0
130609477.0 138901150.0 19265563.0
133243495.0 133249592.0 16858472.0
123697351.0 138889421.0 21721683.0
133218215.0 138949726.0 16919147.0
131330533.0 138907312.0 18714423.0
133920550.0 131803896.0 19349262.0
131351901.0 138890154.0 18358332.0
133919935.0 138909802.0 17098923.0
131506728.0 138940380.0 18793879.0
134041449.0 138898784.0 14330339.0
131642491.0 138943187.0 16531482.0
134430548.0 138934566.0 17514976.0
132007756.0 138907400.0 16171799.0
138302574.0 138950857.0 18135340.0
132634145.0 138947006.0 16144062.0
130349717.0 138937684.0 17504715.0
132957881.0 139012461.0 15763889.0
130705129.0 138931020.0 19394309.0
133396308.0 138954612.0 18422719.0
131486728.0 138946368.0 19669330.0
129610727.0 138956417.0 11390849.0
123836833.0 132057323.0 10490600.0
108154054.0 132734523.0 11721998.0
115025292.0 128680352.0 10808860.0
132964993.0 131503566.0 10532979.0
98682516.0 129567748.0 11127485.0
123793443.0 129020239.0 10743409.0
121883883.0 133255852.0 10332334.0
114300497.0 131736756.0 10549522.0
116331210.0 133459371.0 11124468.0
115155522.0 116490573.0 10636390.0
120453976.0 119112503.0 11261138.0
128696224.0 131175299.0 11563399.0
130448624.0 125885042.0 10732915.0
133096658.0 130796598.0 11473867.0
100461876.0 125534634.0 11187757.0
132310141.0 122929740.0 10613263.0
138391759.0 138997147.0 11031438.0
113146476.0 131642558.0 10198028.0
134219019.0 121188901.0 10536176.0
45918984.0 42609420.0 9578405.0
42692687.0 36451980.0 9355109.0
61936192.0 41569536.0 9184972.0
36739730.0 46812567.0 9497673.0
40877018.0 35353056.0 9073549.0
46963337.0 42781663.0 8434415.0
28675799.0 26906809.0 9356477.0
28516479.0 34582270.0 9031906.0
53427718.0 46867982.0 9240524.0
37278597.0 44764083.0 9333973.0
36895650.0 29916567.0 9469411.0
44744315.0 37535875.0 8974810.0
32154318.0 27957265.0 9499275.0
36628465.0 41524524.0 9303574.0
40961370.0 41550425.0 9069356.0
40876177.0 37875315.0 9377103.0
29758054.0 34891770.0 8479896.0
32145241.0 36183756.0 9036915.0
40247160.0 30777642.0 9319224.0
35516619.0 35341274.0 9330213.0
8711752.0 8880386.0 8008133.0
8724139.0 8535157.0 7400990.0
8077867.0 8058827.0 7297466.0
8207542.0 8071775.0 7398439.0
8812169.0 8797593.0 7912178.0
9001659.0 9060752.0 8019342.0
9078136.0 9012602.0 8086831.0
9016238.0 8750264.0 8113019.0
8951498.0 8937887.0 8095802.0
8975961.0 8906102.0 8087979.0
8997690.0 9160347.0 8103293.0
8958453.0 8909305.0 8219386.0
9129246.0 9160720.0 8149612.0
9153383.0 9293923.0 8068094.0
9154568.0 9293077.0 8162450.0
9238606.0 9163359.0 7631459.0
8470391.0 8484131.0 7655009.0
8562696.0 8473069.0 8185476.0
9173048.0 8202602.0 8188604.0
9079203.0 8936408.0 8139138.0
9209169.0 8690964.0 8830376.0
9009572.0 9045663.0 8537325.0
9023528.0 9049642.0 8699812.0
9112430.0 8796142.0 8525336.0
9014684.0 8951668.0 8587207.0
9100236.0 8968564.0 8588158.0
8957881.0 8474706.0 7865720.0
8374858.0 8454416.0 7962153.0
8670165.0 9035324.0 8624630.0
8828577.0 9001686.0 8610193.0
9015877.0 9090906.0 8736806.0
9044881.0 8768483.0 8714194.0
8938199.0 9124212.0 8746198.0
8881433.0 8965100.0 8785583.0
9040790.0 9050165.0 8650273.0
9227820.0 8940705.0 8666590.0
9078992.0 9208240.0 8745739.0
9228595.0 9223427.0 8710160.0
8768204.0 9076915.0 8519615.0
8619379.0 8420415.0 7946513.0
10624296.0 11563061.0 9257198.0
11152069.0 11055609.0 9101595.0
10903568.0 11718795.0 9443412.0
10896654.0 10492919.0 9127160.0
11088195.0 11032487.0 9321709.0
11072758.0 11205917.0 9152525.0
11315821.0 11476404.0 9125971.0
11272522.0 10944755.0 9325164.0
11225205.0 11290526.0 9223052.0
10743080.0 11017764.0 9249830.0
11419913.0 11230458.0 9113561.0
11052126.0 11161616.0 9124124.0
11087943.0 11118681.0 9341439.0
11585773.0 11102924.0 9257814.0
11072324.0 11290866.0 9293870.0
10745235.0 10755902.0 9207889.0
11273286.0 10922050.0 9324491.0
10807060.0 11716980.0 9278802.0
10999866.0 11222702.0 9268095.0
11249884.0 11276949.0 9227878.0
21236272.0 22384216.0 9729797.0
24686409.0 26922333.0 9696169.0
21877120.0 21883896.0 9814877.0
23476901.0 19983544.0 9299137.0
23477730.0 23206387.0 9075697.0
26376449.0 17772503.0 9878542.0
18035216.0 22147592.0 9956164.0
20277447.0 17788640.0 9918531.0
21518821.0 18039976.0 9887863.0
27048517.0 20307116.0 9655200.0
23500852.0 22903734.0 9707559.0
23707014.0 22680457.0 9652109.0
28909808.0 24716081.0 9878460.0
26514137.0 20825213.0 9920194.0
26947694.0 22160638.0 9767405.0
20801702.0 23520465.0 9927439.0
23730476.0 19689843.0 9765948.0
20244420.0 25340648.0 10176265.0
26266900.0 18913733.0 9695954.0
23007956.0 19101755.0 9659143.0
