7044790.0 7198999.0 7095373.0
7441967.0 7486123.0 7222194.0
7534772.0 7420280.0 7307207.0
7612795.0 7594867.0 7309507.0
7680630.0 7676530.0 7373586.0
7783754.0 7680177.0 7497660.0
7862072.0 7721635.0 7540670.0
7852664.0 7719134.0 7473010.0
7742644.0 7730485.0 7551516.0
7596468.0 7913225.0 7569109.0
7684513.0 7739303.0 7057718.0
7225288.0 7212686.0 7039497.0
7176439.0 7457570.0 7551576.0
7738117.0 7866516.0 7540755.0
7770649.0 7910157.0 7575014.0
7761607.0 7736360.0 7501634.0
7757082.0 7835986.0 7582673.0
7708224.0 7904186.0 7607968.0
7670967.0 7881302.0 7633489.0
7567620.0 7805565.0 7597893.0
7554467.0 7624741.0 7784152.0
7410825.0 7556309.0 7792223.0
7572874.0 7553224.0 7828573.0
7469921.0 7685379.0 7825881.0
7473488.0 7532176.0 7784003.0
7474612.0 7553751.0 7867168.0
7555805.0 7487178.0 7840790.0
7479983.0 7483575.0 7828512.0
7523826.0 7351828.0 7635981.0
7229287.0 7479069.0 7779448.0
7402003.0 7571564.0 7815646.0
7665039.0 7584367.0 7656172.0
7305004.0 7474443.0 7148468.0
6919981.0 6954805.0 7227674.0
6852998.0 7676166.0 7701333.0
7480226.0 7535401.0 7763350.0
7277964.0 7461337.0 7680196.0
7477301.0 7477690.0 7715439.0
7394370.0 7461593.0 7694819.0
7546194.0 7299659.0 7661407.0
7328467.0 7267744.0 7801068.0
7124930.0 7188854.0 7723337.0
7061350.0 7255739.0 7214698.0
6662017.0 6605061.0 7148197.0
6537418.0 6975500.0 7811835.0
6918300.0 7104620.0 7747565.0
6917998.0 7194391.0 7755827.0
7069239.0 7043635.0 7782660.0
7146918.0 7200263.0 7657419.0
7149246.0 7287736.0 7634267.0
7405904.0 6918869.0 7778173.0
7327672.0 6938699.0 7693691.0
7186772.0 7358670.0 7691445.0
7257728.0 7096310.0 7507014.0
6922013.0 7198665.0 7689112.0
7196388.0 6765028.0 7163083.0
6701614.0 6613603.0 7686561.0
7224554.0 7186970.0 7753188.0
7238075.0 7206201.0 7822609.0
7302614.0 7341633.0 7727539.0
6693589.0 6823702.0 7676707.0
6482336.0 6900064.0 7527797.0
6821172.0 6602156.0 7411827.0
6836660.0 6602042.0 7477352.0
6432322.0 6715159.0 7364047.0
6561991.0 6472401.0 7374845.0
6590339.0 6673252.0 7203849.0
6438367.0 6258893.0 6882310.0
6510413.0 6849747.0 7615885.0
6667267.0 6740719.0 7371763.0
6949608.0 6834784.0 7501224.0
7023432.0 6959052.0 7607608.0
6828599.0 6669735.0 7515034.0
6839196.0 6833214.0 7572023.0
6738718.0 6717098.0 7548387.0
6782073.0 6879791.0 7514193.0
6883278.0 6757184.0 7596950.0
6828877.0 6955128.0 7474984.0
6752442.0 6922001.0 7541724.0
6601962.0 6893085.0 7581440.0
6539747.0 6853731.0 7204814.0
6475591.0 6698454.0 7025188.0
6888170.0 6614075.0 7088304.0
6652235.0 6341072.0 6894610.0
6649316.0 6557539.0 7276992.0
6608965.0 6472293.0 7013435.0
6230743.0 6507102.0 7403862.0
6695983.0 6594370.0 7066018.0
6563085.0 6722945.0 6886322.0
6570364.0 6464616.0 6651870.0
6047803.0 6087877.0 6921065.0
5853870.0 6438294.0 6889320.0
6507038.0 6393912.0 7152752.0
6468570.0 6186742.0 7092687.0
6805494.0 6409660.0 7211421.0
6771862.0 6777015.0 7233279.0
6861982.0 6408679.0 7257866.0
6408076.0 6723157.0 6863278.0
6574882.0 6579670.0 7106434.0
6590746.0 6286592.0 6915189.0
6859753.0 6948978.0 6643463.0
7180491.0 6393744.0 6096224.0
6745311.0 7261372.0 6744522.0
7444090.0 6452853.0 6856934.0
6758964.0 7287241.0 6827865.0
6818079.0 7227991.0 6548970.0
6383547.0 6329234.0 6685463.0
6511867.0 6581164.0 6615254.0
6651303.0 6436897.0 6727486.0
6831021.0 6633490.0 6541884.0
7666381.0 7314872.0 6837432.0
6694080.0 6608672.0 6561810.0
7002007.0 6412445.0 6553970.0
6586517.0 6626302.0 6725540.0
6462767.0 7112599.0 6785899.0
6398450.0 6961628.0 6132981.0
6127587.0 5948001.0 6249207.0
7525929.0 6960044.0 6556319.0
7069707.0 6260070.0 6406143.0
6193119.0 6634422.0 6575305.0
6788856.0 6459224.0 5561035.0
6137747.0 5651463.0 5873038.0
6796825.0 7235409.0 5817028.0
6508302.0 7153790.0 5614464.0
7488527.0 7455016.0 6094723.0
6853367.0 7384496.0 5766580.0
6084206.0 6639390.0 5552265.0
6373738.0 7916171.0 5914411.0
6030390.0 7033914.0 5362993.0
6849798.0 7363216.0 5432317.0
6071768.0 5871221.0 5929613.0
6129189.0 6068023.0 5716686.0
6145328.0 6388187.0 5749733.0
6923271.0 6960998.0 5686893.0
5943411.0 7749386.0 5775107.0
8599214.0 7832112.0 5564697.0
5950105.0 6177527.0 5779623.0
7141883.0 6512472.0 5661108.0
6751142.0 9138619.0 5760303.0
6198300.0 5982624.0 5759507.0
12663304.0 10113922.0 5654026.0
10262052.0 8497068.0 5468222.0
7657538.0 7880154.0 5610607.0
6877712.0 11461606.0 5615580.0
9730329.0 9520563.0 5735507.0
8532091.0 11703511.0 5423465.0
11209535.0 11003383.0 5796590.0
9989010.0 11924373.0 5280288.0
6155959.0 11245096.0 5083849.0
9305270.0 11952990.0 4975930.0
8668610.0 11285684.0 5904322.0
11975303.0 14330219.0 4818080.0
10130422.0 6679541.0 5931051.0
8570137.0 7951382.0 5345268.0
10751623.0 9145361.0 5301513.0
9576869.0 10188636.0 5365934.0
7749194.0 7104819.0 5292870.0
10711601.0 10459435.0 4972049.0
8235626.0 9829366.0 5465684.0
8003797.0 9688100.0 5486242.0
14496417.0 13071700.0 5273949.0
18482532.0 17184530.0 6857454.0
16031455.0 12012485.0 6595654.0
14519749.0 18392820.0 6993793.0
14622418.0 17242808.0 6464409.0
16281297.0 18122741.0 6044867.0
15433156.0 14983680.0 6136751.0
10291303.0 7706909.0 5674173.0
12477447.0 11039087.0 5645135.0
13992772.0 14466009.0 6539714.0
15309870.0 15357736.0 6555337.0
17730740.0 18867687.0 6290519.0
12025145.0 12024409.0 7080570.0
9825166.0 15410888.0 6785061.0
15074483.0 13275045.0 6313741.0
20486589.0 16484775.0 7059279.0
17035617.0 15444603.0 5119358.0
12421278.0 15578806.0 6141396.0
14485222.0 13790398.0 5215779.0
9822407.0 19204072.0 7038836.0
14937418.0 15755207.0 19264200.0
15074994.0 14480884.0 8420482.0
12188884.0 18768971.0 10981186.0
13776819.0 16832356.0 8133367.0
11201731.0 22714535.0 12058038.0
22686227.0 18055817.0 13054529.0
15838662.0 19555604.0 11367697.0
13574404.0 16353146.0 8118665.0
13825757.0 13296345.0 11802269.0
14165824.0 18318214.0 11368723.0
16053203.0 17869340.0 6426404.0
14547740.0 17823594.0 13793004.0
10607468.0 20521295.0 14692924.0
13930556.0 15573597.0 9175052.0
17320152.0 15388066.0 8470606.0
12893411.0 14788738.0 7574977.0
18061792.0 11490982.0 8178961.0
20694592.0 19238640.0 13383758.0
15715824.0 19720875.0 13882545.0
27113075.0 16600728.0 13079828.0
16553110.0 14547152.0 17971697.0
14622846.0 13639536.0 15805079.0
14731233.0 13495793.0 13287524.0
14722460.0 13850179.0 18731729.0
12417282.0 15701071.0 17887305.0
14268431.0 15636455.0 16145228.0
11028612.0 17736569.0 19913479.0
12432146.0 11612168.0 14163318.0
12385762.0 11708910.0 11578017.0
14188144.0 12520088.0 17539466.0
17037708.0 15386248.0 19701662.0
12076654.0 13775643.0 16861976.0
13891375.0 14191397.0 13935651.0
16214698.0 18138689.0 17878200.0
13831784.0 16362671.0 18354248.0
15310407.0 17821255.0 21460365.0
12678198.0 14077594.0 14433106.0
17356333.0 13957621.0 16339606.0
13277037.0 13779316.0 18059371.0
15458227.0 15395479.0 14199937.0
12578090.0 11863292.0 15354113.0
12842465.0 10666040.0 14140418.0
12335464.0 12281601.0 22659335.0
10417253.0 8525164.0 14340932.0
10088139.0 8761605.0 16398716.0
12012022.0 12912728.0 19636989.0
12337258.0 12874812.0 18842443.0
10758438.0 9496733.0 19365831.0
12105754.0 12087211.0 16620579.0
12710487.0 13252895.0 18728285.0
10846276.0 11295242.0 20542587.0
11415355.0 12262036.0 13887737.0
10015244.0 9432047.0 14342337.0
11907468.0 9349236.0 9379022.0
9802163.0 11498980.0 16363130.0
11353036.0 10399994.0 18391393.0
10198914.0 9861732.0 15777851.0
11073766.0 10755343.0 16485271.0
11348458.0 9216613.0 13528347.0
8527975.0 8636207.0 10769052.0
8632364.0 7960341.0 14282289.0
7423961.0 7986525.0 12581712.0
7388906.0 8378401.0 11847376.0
6886443.0 6937098.0 11213980.0
6681435.0 7487111.0 11234471.0
5298162.0 6872285.0 13316703.0
6715482.0 6933363.0 10661976.0
4841259.0 6966749.0 7669292.0
6956191.0 7007801.0 13338901.0
8196812.0 6600586.0 11647892.0
6429944.0 8101817.0 9608936.0
8160640.0 7521910.0 8623836.0
6741012.0 7693872.0 14872756.0
6518210.0 5581814.0 11818642.0
6437034.0 8075947.0 14352436.0
8193106.0 9319559.0 15936278.0
8170752.0 7493008.0 12868124.0
8398631.0 7198269.0 14403391.0
7947014.0 6929454.0 11243333.0
7108306.0 7514738.0 10846991.0
4311870.0 5347476.0 9921066.0
4803532.0 5383130.0 9184895.0
6081829.0 5027032.0 6284692.0
4819149.0 4902465.0 9173995.0
4142746.0 5039825.0 10052684.0
5741752.0 4996613.0 9227719.0
5493068.0 4848983.0 10588753.0
5334855.0 5392511.0 8685401.0
4708083.0 6074117.0 9071893.0
5451307.0 3937804.0 7178799.0
5134851.0 4068866.0 9037779.0
4205540.0 5033745.0 9477741.0
5080638.0 5105751.0 8838407.0
4462042.0 3826630.0 9327042.0
5037706.0 5197148.0 8222859.0
5333566.0 5816897.0 10725608.0
5112549.0 4962939.0 8648915.0
4502092.0 4158419.0 9345311.0
4383618.0 4946084.0 9026674.0
5422071.0 4670501.0 9985059.0
3263139.0 3643912.0 7040338.0
3924099.0 3118841.0 7001754.0
3962744.0 3544008.0 6863473.0
3608844.0 3543065.0 6701734.0
3004834.0 3948340.0 5671557.0
4128192.0 2948793.0 5846912.0
3911053.0 3771005.0 5719653.0
3637809.0 3223568.0 6857758.0
3085089.0 3126913.0 7659237.0
3264867.0 3551885.0 6196462.0
2333811.0 3612664.0 5814949.0
3669169.0 3347498.0 5923354.0
3636768.0 3222894.0 5554137.0
3680004.0 4131688.0 5638615.0
3375307.0 3061680.0 6978572.0
3223329.0 3176341.0 5144877.0
3101866.0 2745369.0 5305002.0
3873364.0 3217542.0 6780678.0
3551004.0 3568296.0 7015820.0
3649267.0 2928769.0 6032746.0
2122389.0 2469532.0 4808638.0
2279490.0 2310456.0 4499089.0
2013134.0 2564383.0 3914070.0
1915671.0 2341091.0 5261692.0
2677861.0 2272891.0 5007797.0
2533496.0 2303585.0 4846634.0
2553731.0 2095117.0 4592788.0
2413452.0 2182729.0 4919315.0
2003173.0 2411263.0 5351678.0
2061427.0 2282706.0 4764645.0
2686391.0 2465154.0 5209341.0
2351142.0 2474520.0 4037462.0
2425929.0 2186218.0 4185223.0
2643421.0 2625113.0 4742847.0
2180114.0 2164127.0 4005672.0
2361730.0 2278828.0 4961631.0
2571239.0 2663365.0 4582036.0
2143786.0 2275612.0 4517238.0
2397619.0 2681916.0 4896547.0
2484215.0 2439771.0 4347049.0
1708428.0 1375861.0 3124407.0
1788086.0 1693984.0 2837967.0
1675089.0 1614480.0 3274264.0
1588404.0 1687226.0 3227264.0
1753872.0 1667403.0 3464207.0
1445890.0 1511503.0 2759053.0
1504644.0 1473748.0 3290199.0
1560612.0 1432651.0 3057705.0
1645834.0 1781936.0 2947343.0
1641243.0 1721747.0 3013635.0
1593363.0 1585162.0 2761980.0
1449389.0 1539671.0 2934314.0
1624173.0 1541438.0 3472072.0
1759662.0 1660844.0 3192507.0
1441519.0 1571914.0 3486509.0
1535442.0 1473841.0 3489331.0
1535217.0 1810821.0 2615735.0
1561894.0 1339864.0 3316773.0
1457648.0 1654308.0 2713753.0
1565907.0 1478109.0 3180114.0
1076011.0 1160023.0 1990562.0
1100968.0 1093565.0 2100997.0
996995.0 1124035.0 2222380.0
1269704.0 1154124.0 2057258.0
1108108.0 993908.0 2120904.0
1049221.0 1056623.0 2028556.0
1173255.0 1210745.0 1995666.0
1056576.0 1030309.0 2064543.0
965784.0 1088758.0 2493317.0
1264453.0 887286.0 2063271.0
1155816.0 1193914.0 2036987.0
1116368.0 1176850.0 2053381.0
1265131.0 907464.0 1830478.0
966058.0 1121406.0 2212828.0
1041393.0 1124745.0 1812884.0
1054727.0 1131767.0 2107960.0
978058.0 1137676.0 1825725.0
892512.0 1047266.0 1885675.0
1071007.0 1221834.0 2064057.0
1149465.0 942767.0 2028803.0
730776.0 789692.0 1365868.0
797107.0 604085.0 1461676.0
658258.0 786175.0 1507346.0
776042.0 834749.0 1477282.0
657959.0 661976.0 1135117.0
774902.0 800141.0 1323816.0
744541.0 738915.0 1558367.0
756177.0 811839.0 1307813.0
761705.0 787554.0 1485689.0
708351.0 729960.0 1378630.0
745054.0 754064.0 1305213.0
730609.0 812062.0 1470878.0
790899.0 709033.0 1461953.0
689599.0 765857.0 1585163.0
658188.0 653771.0 1438824.0
696405.0 758809.0 1543681.0
772658.0 721027.0 1452148.0
727647.0 671800.0 1484798.0
631630.0 812335.0 1657740.0
591018.0 720787.0 1329528.0
458610.0 447992.0 854785.0
470222.0 487396.0 1016500.0
397558.0 359668.0 837354.0
422181.0 489893.0 1000732.0
486810.0 500144.0 690248.0
471053.0 455570.0 1013205.0
420844.0 486331.0 892794.0
376675.0 392134.0 889338.0
427246.0 404847.0 913636.0
453865.0 464665.0 739689.0
383213.0 488913.0 882557.0
480369.0 461169.0 933315.0
455839.0 490024.0 821313.0
494673.0 539639.0 836184.0
409595.0 491876.0 858369.0
476344.0 462919.0 803371.0
510575.0 423330.0 790929.0
442727.0 471217.0 846605.0
446580.0 367142.0 872840.0
471859.0 424361.0 1023449.0
311639.0 316624.0 585801.0
330698.0 328119.0 651249.0
316955.0 384951.0 547945.0
333085.0 340565.0 553667.0
358952.0 333762.0 626615.0
280572.0 335636.0 625105.0
371604.0 353465.0 551557.0
298719.0 321006.0 600629.0
284433.0 311140.0 577851.0
309024.0 313004.0 674888.0
284355.0 326944.0 592268.0
307770.0 343266.0 576566.0
261497.0 279649.0 512861.0
293334.0 339767.0 642800.0
300120.0 326514.0 649596.0
304032.0 318913.0 633100.0
310111.0 306567.0 712697.0
354851.0 294739.0 593042.0
313014.0 316071.0 678179.0
317173.0 326690.0 609059.0
222835.0 220934.0 409962.0
230430.0 234842.0 428041.0
219515.0 265873.0 446765.0
217012.0 243695.0 397758.0
243420.0 234214.0 455091.0
216698.0 229739.0 459900.0
212797.0 223183.0 363473.0
213448.0 211042.0 394795.0
259608.0 169958.0 437182.0
235865.0 244249.0 438173.0
243402.0 262730.0 457353.0
255738.0 202663.0 439153.0
249972.0 207057.0 416711.0
205610.0 268769.0 413135.0
212883.0 219649.0 409726.0
210133.0 263101.0 389915.0
246831.0 255068.0 473576.0
242930.0 227974.0 422160.0
238352.0 211538.0 424918.0
238681.0 214783.0 433981.0
192241.0 181519.0 270828.0
183552.0 166783.0 256481.0
193091.0 193058.0 326477.0
154166.0 185673.0 355079.0
173128.0 170426.0 312016.0
194494.0 195926.0 301021.0
173712.0 200914.0 304535.0
169588.0 148126.0 321810.0
157142.0 169741.0 288646.0
183335.0 190748.0 277681.0
184987.0 176749.0 307412.0
148458.0 164502.0 283776.0
156184.0 167054.0 309448.0
176282.0 168363.0 295343.0
176531.0 163213.0 287077.0
178109.0 165868.0 252682.0
180844.0 187624.0 319776.0
134528.0 188534.0 295736.0
163007.0 174727.0 319283.0
196700.0 189849.0 301239.0
116865.0 128581.0 212260.0
103542.0 137806.0 235701.0
110914.0 135373.0 215340.0
130753.0 135026.0 237509.0
122349.0 121630.0 244285.0
126604.0 108952.0 203346.0
107065.0 126848.0 214041.0
105506.0 126046.0 204065.0
122539.0 111042.0 200672.0
124542.0 126234.0 208023.0
121110.0 123843.0 209790.0
133118.0 99427.0 215992.0
127527.0 124978.0 198656.0
117661.0 122109.0 224732.0
127436.0 117585.0 213305.0
110455.0 128051.0 218283.0
118440.0 106174.0 200184.0
120262.0 122328.0 207345.0
120571.0 112600.0 185358.0
126386.0 128866.0 221174.0
80422.0 96828.0 146708.0
88597.0 96372.0 125791.0
103765.0 99016.0 157444.0
84948.0 96946.0 144936.0
87462.0 88869.0 149573.0
100809.0 101129.0 144055.0
83888.0 105138.0 158821.0
90101.0 98064.0 147109.0
91143.0 83664.0 136662.0
87036.0 100531.0 137998.0
91397.0 97709.0 163247.0
89211.0 88664.0 147314.0
88862.0 82682.0 147492.0
93934.0 88592.0 139191.0
78936.0 99993.0 145615.0
76555.0 93600.0 153545.0
88666.0 86894.0 159477.0
102437.0 91981.0 161527.0
94313.0 106899.0 135010.0
93459.0 96046.0 168682.0
67875.0 72463.0 114270.0
82104.0 79903.0 126493.0
78047.0 81910.0 134408.0
76273.0 80563.0 125550.0
87385.0 87405.0 120091.0
68707.0 79266.0 115280.0
78103.0 84121.0 127010.0
65217.0 87047.0 129137.0
90073.0 84659.0 113291.0
90699.0 87118.0 128095.0
79021.0 83168.0 114936.0
74137.0 79067.0 119041.0
79382.0 65489.0 129506.0
71751.0 69838.0 106114.0
79629.0 87328.0 123660.0
73431.0 79693.0 108416.0
86182.0 78601.0 124119.0
81608.0 81351.0 128951.0
86815.0 80410.0 115879.0
82093.0 83111.0 125576.0
65251.0 68518.0 96650.0
58050.0 53451.0 88837.0
67541.0 59044.0 87668.0
71261.0 69428.0 86393.0
59811.0 69135.0 96412.0
62967.0 60409.0 95269.0
68379.0 68990.0 91256.0
66113.0 64399.0 98911.0
67156.0 60400.0 81028.0
64101.0 60399.0 74832.0
64667.0 65152.0 87141.0
64365.0 74062.0 82641.0
61675.0 62442.0 91350.0
62032.0 68221.0 97586.0
52420.0 64784.0 90237.0
58828.0 56881.0 77267.0
58755.0 59318.0 93321.0
50374.0 60910.0 84824.0
60692.0 60725.0 99794.0
61848.0 67252.0 85547.0
46351.0 43104.0 69765.0
55979.0 54702.0 65351.0
51996.0 56613.0 69017.0
52800.0 59930.0 68377.0
50211.0 49488.0 76790.0
51535.0 57809.0 70166.0
51339.0 50121.0 68847.0
51777.0 43302.0 66826.0
50150.0 52540.0 64144.0
51223.0 53049.0 65055.0
42563.0 49708.0 69209.0
46943.0 47839.0 70313.0
48893.0 50884.0 64003.0
44710.0 51674.0 68262.0
55897.0 56945.0 67934.0
50006.0 51997.0 70877.0
52221.0 43841.0 68140.0
55270.0 56030.0 74000.0
58908.0 53078.0 68869.0
64518.0 51525.0 69962.0
45146.0 50240.0 65239.0
51529.0 54966.0 52998.0
45329.0 45201.0 60592.0
45731.0 47573.0 54757.0
46775.0 45863.0 54877.0
46181.0 47516.0 60053.0
47615.0 42176.0 55584.0
44761.0 40787.0 51896.0
46789.0 46880.0 47923.0
42398.0 44151.0 55166.0
37472.0 46903.0 54061.0
40108.0 43963.0 58392.0
36907.0 44702.0 51033.0
48291.0 49585.0 57781.0
44583.0 47347.0 55388.0
45900.0 43575.0 57487.0
39691.0 44118.0 53533.0
48283.0 43484.0 63682.0
45297.0 45386.0 52645.0
42626.0 47623.0 54992.0
46105.0 44674.0 52390.0
37936.0 34513.0 46234.0
38260.0 38096.0 47328.0
34483.0 38436.0 44493.0
37099.0 38077.0 45295.0
34852.0 37091.0 43307.0
35196.0 41771.0 43485.0
33606.0 43355.0 53413.0
43108.0 38202.0 43573.0
36137.0 37648.0 43449.0
42439.0 43741.0 42357.0
36746.0 40331.0 45371.0
40896.0 41237.0 47608.0
46795.0 56028.0 45908.0
40478.0 41616.0 49493.0
37002.0 43517.0 50302.0
40048.0 41656.0 53198.0
42831.0 38607.0 44465.0
40387.0 44423.0 54720.0
39673.0 42107.0 52500.0
37822.0 37928.0 44955.0
45204.0 40464.0 41171.0
38299.0 47980.0 49474.0
53384.0 40524.0 50141.0
38509.0 37590.0 41863.0
42598.0 45666.0 42532.0
38468.0 38904.0 40122.0
34290.0 35209.0 41707.0
36538.0 37529.0 44447.0
39889.0 43344.0 43869.0
41019.0 43390.0 44423.0
40015.0 38994.0 47694.0
42496.0 39185.0 50075.0
44272.0 43734.0 49563.0
41052.0 39953.0 49798.0
40829.0 43674.0 53739.0
40987.0 42371.0 44073.0
45651.0 41110.0 46151.0
45694.0 38037.0 53648.0
50591.0 43415.0 48120.0
38486.0 37256.0 39652.0
39903.0 44645.0 50998.0
36249.0 38986.0 41054.0
30884.0 34988.0 39950.0
36090.0 32936.0 43518.0
43780.0 35457.0 43073.0
37270.0 38946.0 43251.0
40054.0 33408.0 45121.0
34409.0 34708.0 39510.0
36290.0 41621.0 50778.0
42215.0 35323.0 47711.0
39156.0 42030.0 44479.0
41726.0 39501.0 44331.0
44423.0 38550.0 43645.0
39118.0 34907.0 43240.0
38111.0 39643.0 39214.0
38412.0 36836.0 38022.0
40786.0 34688.0 44957.0
36917.0 44373.0 47240.0
45708.0 48295.0 46108.0
38151.0 41033.0 45551.0
36075.0 41595.0 34301.0
33923.0 37056.0 40851.0
36897.0 40313.0 46152.0
34428.0 34613.0 32638.0
37028.0 32842.0 37295.0
36564.0 35676.0 48061.0
41910.0 49044.0 35800.0
42702.0 40320.0 46077.0
35905.0 34018.0 34804.0
38503.0 35599.0 38537.0
36095.0 31352.0 43104.0
32403.0 40678.0 37532.0
35357.0 37916.0 37748.0
34679.0 39089.0 42470.0
39583.0 36956.0 36019.0
40322.0 32731.0 34821.0
39144.0 40934.0 33587.0
40325.0 34261.0 36809.0
36951.0 36496.0 40398.0
34697.0 42611.0 39744.0
32811.0 35699.0 35938.0
35097.0 30075.0 30128.0
35273.0 37439.0 36144.0
33684.0 33516.0 34659.0
37960.0 41200.0 39105.0
42916.0 38060.0 40386.0
34913.0 35608.0 33286.0
36181.0 42804.0 48689.0
37263.0 36172.0 36817.0
34454.0 37343.0 35638.0
40300.0 39430.0 37713.0
35068.0 37164.0 39862.0
33263.0 42670.0 42145.0
38394.0 39268.0 44130.0
38262.0 37775.0 37334.0
38322.0 38866.0 39467.0
34904.0 36738.0 42706.0
37906.0 36988.0 40133.0
37135.0 33464.0 39150.0
