5.000000000000000000e+00 0.000000000000000000e+00
5.049999999999999822e+00 0.000000000000000000e+00
5.099999999999999645e+00 0.000000000000000000e+00
5.150000000000000355e+00 0.000000000000000000e+00
5.200000000000000178e+00 0.000000000000000000e+00
5.250000000000000000e+00 0.000000000000000000e+00
5.299999999999999822e+00 0.000000000000000000e+00
5.349999999999999645e+00 0.000000000000000000e+00
5.400000000000000355e+00 0.000000000000000000e+00
5.450000000000000178e+00 0.000000000000000000e+00
5.500000000000000000e+00 0.000000000000000000e+00
5.549999999999999822e+00 0.000000000000000000e+00
5.599999999999999645e+00 0.000000000000000000e+00
5.650000000000000355e+00 0.000000000000000000e+00
5.700000000000000178e+00 0.000000000000000000e+00
5.750000000000000000e+00 0.000000000000000000e+00
5.799999999999999822e+00 0.000000000000000000e+00
5.849999999999999645e+00 0.000000000000000000e+00
5.900000000000000355e+00 0.000000000000000000e+00
5.950000000000000178e+00 0.000000000000000000e+00
6.000000000000000000e+00 0.000000000000000000e+00
6.049999999999999822e+00 0.000000000000000000e+00
6.099999999999999645e+00 0.000000000000000000e+00
6.150000000000000355e+00 0.000000000000000000e+00
6.200000000000000178e+00 0.000000000000000000e+00
6.250000000000000000e+00 0.000000000000000000e+00
6.299999999999999822e+00 0.000000000000000000e+00
6.349999999999999645e+00 0.000000000000000000e+00
6.400000000000000355e+00 0.000000000000000000e+00
6.450000000000000178e+00 0.000000000000000000e+00
6.500000000000000000e+00 0.000000000000000000e+00
6.549999999999999822e+00 0.000000000000000000e+00
6.599999999999999645e+00 0.000000000000000000e+00
6.650000000000000355e+00 0.000000000000000000e+00
6.700000000000000178e+00 0.000000000000000000e+00
6.750000000000000000e+00 0.000000000000000000e+00
6.799999999999999822e+00 0.000000000000000000e+00
6.849999999999999645e+00 0.000000000000000000e+00
6.900000000000000355e+00 0.000000000000000000e+00
6.950000000000000178e+00 0.000000000000000000e+00
7.000000000000000000e+00 0.000000000000000000e+00
7.049999999999999822e+00 0.000000000000000000e+00
7.099999999999999645e+00 0.000000000000000000e+00
7.150000000000000355e+00 0.000000000000000000e+00
7.200000000000000178e+00 0.000000000000000000e+00
7.250000000000000000e+00 0.000000000000000000e+00
7.299999999999999822e+00 0.000000000000000000e+00
7.349999999999999645e+00 0.000000000000000000e+00
7.400000000000000355e+00 0.000000000000000000e+00
7.450000000000000178e+00 0.000000000000000000e+00
7.500000000000000000e+00 0.000000000000000000e+00
7.549999999999999822e+00 0.000000000000000000e+00
7.599999999999999645e+00 0.000000000000000000e+00
7.650000000000000355e+00 0.000000000000000000e+00
7.700000000000000178e+00 0.000000000000000000e+00
7.750000000000000000e+00 0.000000000000000000e+00
7.799999999999999822e+00 0.000000000000000000e+00
7.849999999999999645e+00 0.000000000000000000e+00
7.900000000000000355e+00 0.000000000000000000e+00
7.950000000000000178e+00 0.000000000000000000e+00
8.000000000000000000e+00 0.000000000000000000e+00
8.050000000000000711e+00 0.000000000000000000e+00
8.099999999999999645e+00 0.000000000000000000e+00
8.150000000000000355e+00 0.000000000000000000e+00
8.199999999999999289e+00 0.000000000000000000e+00
8.250000000000000000e+00 8.532596074700219140e-05
8.300000000000000711e+00 0.000000000000000000e+00
8.349999999999999645e+00 8.532596074700219140e-05
8.400000000000000355e+00 8.532596074700219140e-05
8.449999999999999289e+00 8.532596074700219140e-05
8.500000000000000000e+00 0.000000000000000000e+00
8.550000000000000711e+00 0.000000000000000000e+00
8.599999999999999645e+00 0.000000000000000000e+00
8.650000000000000355e+00 8.532596074700219140e-05
8.699999999999999289e+00 1.706519214940043828e-04
8.750000000000000000e+00 0.000000000000000000e+00
8.800000000000000711e+00 2.559778822410066013e-04
8.849999999999999645e+00 0.000000000000000000e+00
8.900000000000000355e+00 0.000000000000000000e+00
8.949999999999999289e+00 8.532596074700219140e-05
9.000000000000000000e+00 2.559778822410066013e-04
9.050000000000000711e+00 3.413038429880087656e-04
9.099999999999999645e+00 2.559778822410066013e-04
9.150000000000000355e+00 8.532596074700219140e-05
9.199999999999999289e+00 5.119557644820132026e-04
9.250000000000000000e+00 7.679336467230198039e-04
9.300000000000000711e+00 8.532596074700219682e-04
9.349999999999999645e+00 5.972817252290153669e-04
9.400000000000000355e+00 1.365215371952035062e-03
9.449999999999999289e+00 1.109237489711028569e-03
9.500000000000000000e+00 1.877171136434048482e-03
9.550000000000000711e+00 1.706519214940043936e-03
9.599999999999999645e+00 2.303800940169059303e-03
9.650000000000000355e+00 2.474452861663063632e-03
9.699999999999999289e+00 3.754342272868096964e-03
9.750000000000000000e+00 3.071734586892079216e-03
9.800000000000000711e+00 3.669016312121094799e-03
9.849999999999999645e+00 5.716839370049148043e-03
9.900000000000000355e+00 5.802165330796148907e-03
9.949999999999999289e+00 6.058143213037155833e-03
1.000000000000000000e+01 9.385855682170242409e-03
1.005000000000000071e+01 1.066574509337527531e-02
1.009999999999999964e+01 1.117770085785728743e-02
1.015000000000000036e+01 1.424943544474936707e-02
1.019999999999999929e+01 1.689454022790643634e-02
1.025000000000000000e+01 1.766247387462945365e-02
1.030000000000000071e+01 2.337931324467860256e-02
1.034999999999999964e+01 2.389126900916061641e-02
1.040000000000000036e+01 2.901082665398074800e-02
1.044999999999999929e+01 3.199723528012582419e-02
1.050000000000000000e+01 3.933526790436801118e-02
1.055000000000000071e+01 4.138309096229606660e-02
1.059999999999999964e+01 5.059829472297230207e-02
1.065000000000000036e+01 5.264611778090035749e-02
1.069999999999999929e+01 6.570098977519168992e-02
1.075000000000000000e+01 6.954065800880679382e-02
1.080000000000000071e+01 7.798792812276000852e-02
1.084999999999999964e+01 9.070149627406333404e-02
1.090000000000000036e+01 1.057188653655357219e-01
1.094999999999999929e+01 1.268797036307922621e-01
1.100000000000000000e+01 1.349856699017574768e-01
1.105000000000000071e+01 1.564878120100020309e-01
1.109999999999999964e+01 1.697986618865343633e-01
1.115000000000000036e+01 1.978709029722981183e-01
1.119999999999999929e+01 2.155333768469275268e-01
1.125000000000000000e+01 2.316599834281109771e-01
1.130000000000000071e+01 2.704832955679969397e-01
1.134999999999999964e+01 2.916441338332534938e-01
1.140000000000000036e+01 3.323446171095735813e-01
1.144999999999999929e+01 3.631472889392413639e-01
1.150000000000000000e+01 4.401113055330372892e-01
1.155000000000000071e+01 4.919894896672146745e-01
1.159999999999999964e+01 5.285943268276785956e-01
1.165000000000000036e+01 5.603355842255635100e-01
1.169999999999999929e+01 6.091420337728487011e-01
1.175000000000000000e+01 6.861060503666447374e-01
1.180000000000000071e+01 7.535988853175233926e-01
1.184999999999999964e+01 8.024053348648085837e-01
1.190000000000000036e+01 9.002742118416201533e-01
1.194999999999999929e+01 1.009576767558529875e+00
1.200000000000000000e+01 1.164187408432098003e+00
1.205000000000000071e+01 1.242772618280087116e+00
1.209999999999999964e+01 1.278609521793828030e+00
1.215000000000000036e+01 1.397041955310666772e+00
1.219999999999999929e+01 1.540133591483389575e+00
1.225000000000000000e+01 1.672815460444978086e+00
1.230000000000000071e+01 1.804900047681337716e+00
1.234999999999999964e+01 1.965824809650183580e+00
1.240000000000000036e+01 2.176835910577519684e+00
1.244999999999999929e+01 2.346378594581813193e+00
1.250000000000000000e+01 2.505340859453478508e+00
1.255000000000000071e+01 2.655685202289696623e+00
1.259999999999999964e+01 2.862003375375947734e+00
1.265000000000000036e+01 3.153135553444719630e+00
1.269999999999999929e+01 3.378737393659792865e+00
1.275000000000000000e+01 3.617906061633640480e+00
1.280000000000000071e+01 3.837535084596424007e+00
1.284999999999999964e+01 4.195050860126363190e+00
1.290000000000000036e+01 4.475687945023253178e+00
1.294999999999999929e+01 4.751632102079057951e+00
1.300000000000000000e+01 5.040289827286167146e+00
1.305000000000000071e+01 5.389273006741405858e+00
1.309999999999999964e+01 5.743461069802211050e+00
1.315000000000000036e+01 6.099696955920945740e+00
1.319999999999999929e+01 6.459601858351801340e+00
1.325000000000000000e+01 6.856708879668349965e+00
1.330000000000000071e+01 7.384620598810052172e+00
1.334999999999999964e+01 7.843588941668176773e+00
1.340000000000000036e+01 8.218596539151251434e+00
1.344999999999999929e+01 8.670909457071109827e+00
1.350000000000000000e+01 9.154707654506612613e+00
1.355000000000000071e+01 9.624341742458112137e+00
1.359999999999999964e+01 1.023501964352440829e+01
1.365000000000000036e+01 1.065823640882953782e+01
1.369999999999999929e+01 1.123358936214657433e+01
1.375000000000000000e+01 1.199111324165846071e+01
1.380000000000000071e+01 1.252969070589353784e+01
1.384999999999999964e+01 1.304412092323721239e+01
1.390000000000000036e+01 1.362237495921964836e+01
1.394999999999999929e+01 1.424875283706339069e+01
1.400000000000000000e+01 1.484543728056717704e+01
1.405000000000000071e+01 1.557079327287744164e+01
1.409999999999999964e+01 1.622183035337706869e+01
1.415000000000000036e+01 1.703345089200255558e+01
1.419999999999999929e+01 1.784285295564862039e+01
1.425000000000000000e+01 1.847375310941195181e+01
1.430000000000000071e+01 1.910900488717338419e+01
1.434999999999999964e+01 1.988274069922719889e+01
1.440000000000000036e+01 2.080451705317706512e+01
1.444999999999999929e+01 2.148217583342975701e+01
1.450000000000000000e+01 2.228364258272634757e+01
1.455000000000000071e+01 2.303655886035789280e+01
1.459999999999999964e+01 2.390116682060726916e+01
1.465000000000000036e+01 2.474529655027735942e+01
1.469999999999999929e+01 2.543558357272060633e+01
1.475000000000000000e+01 2.633722299993418048e+01
1.480000000000000071e+01 2.711846749653373578e+01
1.484999999999999964e+01 2.784945500225330051e+01
1.490000000000000036e+01 2.893872621714952942e+01
1.494999999999999929e+01 2.971621637147621087e+01
1.500000000000000000e+01 3.049908206132995758e+01
1.505000000000000071e+01 3.137043077247834333e+01
1.509999999999999964e+01 3.231456252814392371e+01
1.515000000000000036e+01 3.315416998189442666e+01
1.519999999999999929e+01 3.406587787247614330e+01
1.525000000000000000e+01 3.495830209592904225e+01
1.530000000000000071e+01 3.570865859473817494e+01
1.534999999999999964e+01 3.662685125833667144e+01
1.540000000000000036e+01 3.744794297860507015e+01
1.544999999999999929e+01 3.835999217302978082e+01
1.550000000000000000e+01 3.924746749075934815e+01
1.555000000000000071e+01 4.012376510763105841e+01
1.559999999999999964e+01 4.102028497719981459e+01
1.565000000000000036e+01 4.186688915973157066e+01
1.569999999999999929e+01 4.263960106025641750e+01
1.575000000000000000e+01 4.352059160496921209e+01
1.580000000000000071e+01 4.439629194011570235e+01
1.584999999999999964e+01 4.512992455061842634e+01
1.590000000000000036e+01 4.605554057280190960e+01
1.594999999999999929e+01 4.678192047664113318e+01
1.600000000000000000e+01 4.757357474045181789e+01
1.605000000000000071e+01 4.857333902252444346e+01
1.610000000000000142e+01 4.921046797142231100e+01
1.614999999999999858e+01 5.002601350424215809e+01
1.619999999999999929e+01 5.078106293089238221e+01
1.625000000000000000e+01 5.152655584993894422e+01
1.630000000000000071e+01 5.228843135344892090e+01
1.635000000000000142e+01 5.303110851579083374e+01
1.639999999999999858e+01 5.387899258773379074e+01
1.644999999999999929e+01 5.433591310753399028e+01
1.650000000000000000e+01 5.518635695829935628e+01
1.655000000000000071e+01 5.590975045351244432e+01
1.660000000000000142e+01 5.660874072395188961e+01
1.664999999999999858e+01 5.732274836348279479e+01
1.669999999999999929e+01 5.789426164856622137e+01
1.675000000000000000e+01 5.869496046421609492e+01
1.680000000000000071e+01 5.945811585713727965e+01
1.685000000000000142e+01 6.005445899679806843e+01
1.689999999999999858e+01 6.070754390035562409e+01
1.694999999999999929e+01 6.125422733086167426e+01
1.700000000000000000e+01 6.182027975445728174e+01
1.705000000000000071e+01 6.244119677081322806e+01
1.710000000000000142e+01 6.302730079518438089e+01
1.714999999999999858e+01 6.370632479080902044e+01
1.719999999999999929e+01 6.427519297110929131e+01
1.725000000000000000e+01 6.492785124486310622e+01
1.730000000000000071e+01 6.528946266650889640e+01
1.735000000000000142e+01 6.604280557394419304e+01
1.739999999999999858e+01 6.658377216508017682e+01
1.744999999999999929e+01 6.696406997212956469e+01
1.750000000000000000e+01 6.747175943857422453e+01
1.755000000000000071e+01 6.800462006343926191e+01
1.760000000000000142e+01 6.842442379031450628e+01
1.764999999999999858e+01 6.895984419400194554e+01
1.769999999999999929e+01 6.937734411993703532e+01
1.775000000000000000e+01 6.988179119987330523e+01
1.780000000000000071e+01 7.043982298315869173e+01
1.785000000000000142e+01 7.091560054028397531e+01
1.789999999999999858e+01 7.120391696164810469e+01
1.794999999999999929e+01 7.168745918120136196e+01
1.800000000000000000e+01 7.205120375186584170e+01
1.805000000000000071e+01 7.245974445192248936e+01
1.810000000000000142e+01 7.306103649730660266e+01
1.814999999999999858e+01 7.318151675388136823e+01
1.819999999999999929e+01 7.350362225570130192e+01
1.825000000000000000e+01 7.402376931241504110e+01
1.830000000000000071e+01 7.446737898233870112e+01
1.835000000000000142e+01 7.465040316814101118e+01
1.839999999999999858e+01 7.500723633598498452e+01
1.844999999999999929e+01 7.542174985329391745e+01
1.850000000000000000e+01 7.565648157130893026e+01
1.855000000000000071e+01 7.622287529874751044e+01
1.860000000000000142e+01 7.640837393741149697e+01
1.864999999999999858e+01 7.665257683706941805e+01
1.869999999999999929e+01 7.708116913790161107e+01
1.875000000000000000e+01 7.723202543650232599e+01
1.880000000000000071e+01 7.762042920982267447e+01
1.885000000000000142e+01 7.793007712137354304e+01
1.889999999999999858e+01 7.797009499696389412e+01
1.894999999999999929e+01 7.845986601165168395e+01
1.900000000000000000e+01 7.880065789887520111e+01
1.905000000000000071e+01 7.886712682229710936e+01
1.910000000000000142e+01 7.922523987955229074e+01
1.914999999999999858e+01 7.957524697053648310e+01
1.919999999999999929e+01 7.955621928128991271e+01
1.925000000000000000e+01 7.981671943945050884e+01
1.930000000000000071e+01 8.010068423681653371e+01
1.935000000000000142e+01 8.025648944114055894e+01
1.939999999999999858e+01 8.045913859791468781e+01
1.944999999999999929e+01 8.064787962308705005e+01
1.950000000000000000e+01 8.077458867479634819e+01
1.955000000000000071e+01 8.105206869914560741e+01
1.960000000000000142e+01 8.129064008539423014e+01
1.964999999999999858e+01 8.143134259466603453e+01
1.969999999999999929e+01 8.173126334669174753e+01
1.975000000000000000e+01 8.178826108847073328e+01
1.980000000000000071e+01 8.177145187420357786e+01
1.985000000000000142e+01 8.208451282418432982e+01
1.989999999999999858e+01 8.225695659085403122e+01
1.994999999999999929e+01 8.225985767351942002e+01
2.000000000000000000e+01 8.226796363979039484e+01
2.005000000000000071e+01 8.258025665612441912e+01
2.010000000000000142e+01 8.288265186101179438e+01
2.014999999999999858e+01 8.262684463069227547e+01
2.019999999999999929e+01 8.298265388700727385e+01
2.025000000000000000e+01 8.306021518532631376e+01
2.030000000000000071e+01 8.314690636144526081e+01
2.035000000000000142e+01 8.337353211318929880e+01
2.039999999999999858e+01 8.334895823649415547e+01
2.044999999999999929e+01 8.351798896473395928e+01
2.050000000000000000e+01 8.358095952376525872e+01
2.055000000000000071e+01 8.363855454726947869e+01
2.060000000000000142e+01 8.383659610216326996e+01
2.064999999999999858e+01 8.388335472865263398e+01
2.069999999999999929e+01 8.399163337284056752e+01
2.075000000000000000e+01 8.400485889675636031e+01
2.080000000000000071e+01 8.405375067226439967e+01
2.085000000000000142e+01 8.419624502671189248e+01
2.089999999999999858e+01 8.421979499187806084e+01
2.094999999999999929e+01 8.433908068500237221e+01
2.100000000000000000e+01 8.439164147682252803e+01
2.105000000000000071e+01 8.435350077236861921e+01
2.110000000000000142e+01 8.453678093605317656e+01
2.114999999999999858e+01 8.451109782186833286e+01
2.119999999999999929e+01 8.447022668667051448e+01
2.125000000000000000e+01 8.467108399826895493e+01
2.130000000000000071e+01 8.460359116331808593e+01
2.135000000000000142e+01 8.458277162889581291e+01
2.139999999999999858e+01 8.481144520369777240e+01
2.144999999999999929e+01 8.479002838755027938e+01
2.150000000000000000e+01 8.480965335852208398e+01
2.155000000000000071e+01 8.486008100132356446e+01
2.160000000000000142e+01 8.477646155979149967e+01
2.164999999999999858e+01 8.492637927282397925e+01
2.169999999999999929e+01 8.499165363279543328e+01
2.175000000000000000e+01 8.515351698033251182e+01
2.180000000000000071e+01 8.500641502400466720e+01
2.185000000000000142e+01 8.506119429080423799e+01
2.189999999999999858e+01 8.487279456947487688e+01
2.194999999999999929e+01 8.500172209616358998e+01
2.200000000000000000e+01 8.515778327836986250e+01
2.205000000000000071e+01 8.509967629910114795e+01
2.210000000000000142e+01 8.505291767261178393e+01
2.214999999999999858e+01 8.518773269059205688e+01
2.219999999999999929e+01 8.525701737071861430e+01
2.225000000000000000e+01 8.517254466957908221e+01
2.230000000000000071e+01 8.525974780146252385e+01
2.235000000000000142e+01 8.530224012991452298e+01
2.239999999999999858e+01 8.521853536242171856e+01
2.244999999999999929e+01 8.500974273647381096e+01
2.250000000000000000e+01 8.515641806299791483e+01
2.255000000000000071e+01 8.536614927451402934e+01
2.260000000000000142e+01 8.532894715562834165e+01
2.264999999999999858e+01 8.523022501904407022e+01
2.269999999999999929e+01 8.543082635276026338e+01
2.275000000000000000e+01 8.516972891287444725e+01
2.280000000000000071e+01 8.537203676580557499e+01
2.285000000000000142e+01 8.548005943211127544e+01
2.289999999999999858e+01 8.548347247054115883e+01
2.294999999999999929e+01 8.544865947855639376e+01
2.300000000000000000e+01 8.550028168480832846e+01
2.305000000000000071e+01 8.530881022889205667e+01
2.310000000000000142e+01 8.530633577603038020e+01
2.314999999999999858e+01 8.531495369806583540e+01
2.319999999999999929e+01 8.525377498421023859e+01
2.325000000000000000e+01 8.547860889077858815e+01
2.330000000000000071e+01 8.542860787778084841e+01
2.335000000000000142e+01 8.556700658611248400e+01
2.339999999999999858e+01 8.552801262205110788e+01
2.344999999999999929e+01 8.557545385622643153e+01
2.350000000000000000e+01 8.551538437986054930e+01
2.355000000000000071e+01 8.561436249432706802e+01
2.360000000000000142e+01 8.551043547413721058e+01
2.364999999999999858e+01 8.554524846612198985e+01
2.369999999999999929e+01 8.553611858832206849e+01
2.375000000000000000e+01 8.543611656232657481e+01
2.380000000000000071e+01 8.550949688856898945e+01
2.385000000000000142e+01 8.546913770913567987e+01
2.389999999999999858e+01 8.539004054352319883e+01
2.394999999999999929e+01 8.556521474093679558e+01
2.400000000000000000e+01 8.543202091621073180e+01
2.405000000000000071e+01 8.554686965937618481e+01
2.410000000000000142e+01 8.528474830796139372e+01
2.414999999999999858e+01 8.548927463587196485e+01
2.419999999999999929e+01 8.558867938014222432e+01
2.425000000000000000e+01 8.540386334916421163e+01
2.430000000000000071e+01 8.559431089355152267e+01
2.435000000000000142e+01 8.541094540390621148e+01
2.439999999999999858e+01 8.547758497924961318e+01
2.444999999999999929e+01 8.553867836714448458e+01
2.450000000000000000e+01 8.547220944372256213e+01
2.455000000000000071e+01 8.556043648713496452e+01
2.460000000000000142e+01 8.562946518937927465e+01
2.464999999999999858e+01 8.550019635884757463e+01
2.469999999999999929e+01 8.557093158030683355e+01
2.475000000000000000e+01 8.561905542216814524e+01
2.480000000000000071e+01 8.554047021232015879e+01
2.485000000000000142e+01 8.551794415868295118e+01
2.489999999999999858e+01 8.548637355320656184e+01
2.494999999999999929e+01 8.541973397786316013e+01
2.500000000000000000e+01 8.540326606743897742e+01
2.505000000000000071e+01 8.555787670831256264e+01
2.510000000000000142e+01 8.554123814596688646e+01
2.514999999999999858e+01 8.553270554989218510e+01
2.519999999999999929e+01 8.550258548574849726e+01
2.525000000000000000e+01 8.548389910034489958e+01
2.530000000000000071e+01 8.550113494441579576e+01
2.535000000000000142e+01 8.565915862371923595e+01
2.539999999999999858e+01 8.554618705169021098e+01
2.544999999999999929e+01 8.556973701685637934e+01
2.550000000000000000e+01 8.544627035165547113e+01
2.555000000000000071e+01 8.538517696376061394e+01
2.560000000000000142e+01 8.553236424604919819e+01
2.564999999999999858e+01 8.564311734309879398e+01
2.569999999999999929e+01 8.552946316338379518e+01
2.575000000000000000e+01 8.561419184240557456e+01
2.580000000000000071e+01 8.539703727230445907e+01
2.585000000000000142e+01 8.553842238926223729e+01
2.589999999999999858e+01 8.543731112577702902e+01
2.594999999999999929e+01 8.541504105002206870e+01
2.600000000000000000e+01 8.564729831517540504e+01
2.605000000000000071e+01 8.559106850704313274e+01
2.610000000000000142e+01 8.567101893226308107e+01
2.614999999999999858e+01 8.550198820402327726e+01
2.619999999999999929e+01 8.552323436824926262e+01
2.625000000000000000e+01 8.557570983410866461e+01
2.630000000000000071e+01 2.545904821192603151e+01
2.635000000000000142e+01 0.000000000000000000e+00
2.639999999999999858e+01 0.000000000000000000e+00
2.644999999999999929e+01 0.000000000000000000e+00
2.650000000000000000e+01 0.000000000000000000e+00
2.655000000000000071e+01 0.000000000000000000e+00
2.660000000000000142e+01 0.000000000000000000e+00
2.664999999999999858e+01 0.000000000000000000e+00
2.669999999999999929e+01 0.000000000000000000e+00
2.675000000000000000e+01 0.000000000000000000e+00
2.680000000000000071e+01 0.000000000000000000e+00
2.685000000000000142e+01 0.000000000000000000e+00
2.689999999999999858e+01 0.000000000000000000e+00
2.694999999999999929e+01 0.000000000000000000e+00
2.700000000000000000e+01 0.000000000000000000e+00
