114197267.0 116450349.0 352637890.0
114219540.0 116393193.0 352155849.0
114154392.0 116330695.0 352066982.0
114266669.0 116279642.0 351608826.0
113917028.0 116219692.0 351250676.0
113776045.0 116132124.0 350978610.0
113718836.0 115984762.0 351223589.0
113716545.0 116065783.0 351458451.0
113868865.0 116065733.0 351276112.0
113836480.0 116070455.0 350841657.0
113659993.0 115996220.0 350407169.0
113627131.0 116090826.0 350140516.0
113699709.0 115996197.0 350468284.0
113715026.0 116060674.0 351357711.0
113720578.0 116124257.0 351127840.0
100181390.0 116189720.0 350751955.0
113720654.0 116140509.0 350707611.0
113663985.0 115918886.0 350280063.0
113532562.0 115950589.0 350069779.0
113488635.0 115732572.0 349872611.0
77852462.0 78936503.0 200759509.0
77722756.0 78935172.0 200456939.0
77690394.0 78870566.0 200846539.0
77807106.0 78811889.0 200369229.0
77889173.0 78871923.0 173621854.0
77982065.0 78995486.0 201034488.0
77935750.0 79213073.0 201395753.0
78042254.0 78970679.0 201296942.0
77930547.0 78950697.0 201362906.0
77915254.0 79020929.0 200659163.0
77784169.0 79010131.0 200503264.0
77730760.0 78827793.0 200133175.0
77703565.0 78820048.0 200147483.0
77629037.0 78868498.0 200450851.0
77706909.0 78931147.0 200443250.0
77766469.0 78820362.0 200502905.0
77722817.0 78924975.0 200479700.0
77836028.0 78865374.0 200378733.0
73354846.0 78996881.0 200583331.0
77710990.0 66155014.0 185163314.0
47419705.0 53480741.0 123940045.0
52890426.0 53562654.0 114903987.0
53015800.0 53715423.0 123864092.0
53039878.0 53591541.0 123705860.0
52926756.0 53547111.0 123928570.0
52931847.0 53561486.0 123993856.0
52946953.0 53544793.0 123940360.0
53031266.0 53612162.0 116244465.0
52994074.0 53559795.0 123889443.0
52956597.0 53593688.0 123619428.0
52937983.0 53570475.0 123786577.0
52920404.0 53505873.0 123801336.0
52989996.0 53544230.0 124079849.0
53021170.0 53518703.0 123815821.0
53065694.0 53553027.0 123997380.0
52996735.0 53513354.0 123773068.0
52977216.0 53526426.0 123751448.0
52902324.0 53445514.0 123793406.0
52882686.0 53507718.0 123704772.0
52893365.0 53532271.0 123899011.0
35839770.0 36152970.0 79235371.0
33338170.0 36167856.0 79141009.0
35936084.0 36226365.0 79198737.0
35852114.0 36166827.0 79110883.0
35804802.0 36118435.0 79124620.0
35835250.0 36153578.0 79207147.0
35890598.0 34891541.0 77075079.0
35878834.0 36178966.0 79182178.0
35838432.0 36179704.0 79157955.0
35861511.0 36193702.0 79182289.0
35778235.0 36142564.0 79119168.0
35812666.0 36124757.0 79186903.0
35791569.0 36149641.0 79075668.0
35776653.0 36145423.0 79202313.0
35811000.0 36176603.0 79053507.0
35853490.0 36168991.0 79094042.0
35820398.0 36147673.0 79158629.0
35839872.0 36156290.0 79212498.0
35855195.0 36148185.0 79198780.0
35856698.0 36206489.0 79288473.0
23900625.0 24031922.0 50870415.0
23868917.0 24030418.0 50859322.0
23931747.0 24009208.0 50861206.0
23865891.0 24021367.0 50847745.0
23859635.0 23994548.0 50866259.0
23862923.0 23985071.0 50854207.0
23821082.0 24029196.0 50788964.0
23879976.0 24002929.0 50874662.0
23859363.0 24023691.0 50892652.0
23884397.0 23986157.0 50902923.0
23836429.0 24039522.0 50795325.0
23883610.0 23972199.0 50866196.0
23822066.0 23993834.0 50817480.0
23844096.0 23962709.0 50836072.0
23807005.0 24010172.0 50824686.0
23809452.0 24018002.0 50823078.0
23816265.0 24028572.0 50762713.0
23825260.0 23995864.0 50752766.0
23835115.0 23990378.0 50796938.0
23832730.0 23985686.0 50816510.0
16157969.0 16259407.0 33774862.0
16155970.0 16284444.0 33898587.0
16170895.0 16252097.0 33743121.0
16156382.0 16239116.0 33734104.0
16150271.0 16224051.0 33762788.0
16146207.0 16256398.0 33719254.0
16165577.0 16260799.0 33796010.0
16172451.0 16280686.0 33713782.0
16195856.0 16247632.0 33754409.0
16211534.0 16239498.0 33715133.0
16183264.0 16273162.0 33739398.0
16160684.0 16257862.0 33707283.0
16149229.0 16253986.0 33758419.0
16164931.0 16279267.0 33776470.0
16199897.0 16311805.0 33796070.0
16204538.0 16283836.0 33800973.0
16199453.0 16262464.0 33746715.0
16175002.0 16259027.0 33731443.0
14912670.0 16249684.0 33742097.0
16170090.0 16242881.0 33704175.0
10705714.0 10756045.0 22029448.0
10708315.0 10777526.0 22033328.0
10711997.0 10771613.0 22053427.0
10698064.0 10762721.0 22090284.0
10713824.0 10766385.0 22049558.0
10723477.0 10771769.0 22041056.0
10713334.0 10773345.0 22032431.0
10720350.0 10756951.0 22061496.0
10717044.0 10772811.0 22051916.0
10713687.0 10768373.0 22074311.0
10724587.0 10773687.0 22043031.0
10728028.0 10758319.0 22070545.0
10727169.0 10755930.0 22066522.0
10725853.0 10768036.0 22044741.0
10727397.0 10754189.0 22067041.0
10707059.0 10777390.0 22051316.0
10723901.0 10292019.0 20317655.0
10690651.0 10730650.0 22026851.0
10681924.0 10746744.0 21983960.0
10687835.0 10744066.0 22036041.0
7237687.0 7288615.0 14772920.0
7247815.0 7289271.0 14750565.0
7243367.0 7272907.0 14756907.0
7233253.0 7278101.0 14781217.0
7247320.0 7259362.0 14758069.0
7243951.0 7284961.0 14767421.0
7244609.0 7265957.0 14766977.0
7243459.0 7265567.0 14773811.0
7247379.0 7277114.0 14721079.0
7229890.0 7268917.0 14803989.0
7235485.0 7271710.0 14765518.0
7226440.0 7267771.0 14774596.0
7239551.0 7272106.0 14779340.0
7227456.0 7252110.0 14778210.0
7251206.0 7271872.0 14800557.0
7238149.0 7267387.0 13660289.0
7238053.0 7299564.0 14797191.0
7228932.0 7259558.0 14780043.0
7241631.0 7269448.0 14761066.0
7227811.0 7266305.0 14756470.0
4931334.0 4943061.0 10067591.0
4938925.0 4956112.0 9985872.0
4932990.0 4953285.0 10019786.0
4930406.0 4950131.0 10000534.0
4938497.0 4956456.0 10028943.0
4932083.0 4960834.0 10044411.0
4946409.0 4945614.0 10042846.0
4943500.0 4963589.0 10049883.0
4943580.0 4958166.0 10044779.0
4952878.0 4971433.0 10030468.0
4946041.0 4975473.0 10057251.0
4953421.0 4970268.0 10043684.0
4949113.0 4971309.0 10054660.0
4947219.0 4969294.0 10027502.0
4951427.0 4968817.0 10044480.0
4939727.0 4963143.0 9367615.0
4701762.0 4966204.0 10041366.0
4943267.0 4973108.0 10036079.0
4953004.0 4970444.0 10050545.0
4945491.0 4972213.0 10042521.0
3314871.0 3334760.0 6699225.0
3321176.0 3327829.0 6692117.0
3311354.0 3323930.0 6682613.0
3314171.0 3326023.0 6682904.0
3310858.0 3322312.0 6691636.0
3313162.0 3320404.0 6691564.0
3312176.0 3324867.0 6685976.0
3314097.0 3323606.0 6692932.0
3313410.0 3320533.0 6685799.0
3310105.0 3321432.0 6701018.0
3314608.0 3320455.0 6693816.0
3310474.0 3320989.0 6689475.0
3314228.0 3325865.0 6678576.0
3315220.0 3321625.0 6693154.0
3313010.0 3321906.0 6694288.0
3314458.0 3328322.0 6695150.0
3311023.0 3331542.0 6684887.0
3317826.0 3322746.0 6697725.0
3316523.0 3326008.0 6690991.0
3320064.0 3322086.0 6693390.0
2164578.0 2174378.0 4351152.0
2163945.0 2165935.0 4357133.0
2157674.0 2168589.0 4354950.0
2162337.0 2166427.0 4362909.0
2159883.0 2168992.0 4357339.0
2164962.0 2172228.0 4357672.0
2159079.0 2169656.0 4357495.0
2160924.0 2165761.0 4352312.0
2157739.0 2168259.0 4357344.0
2161156.0 2170525.0 4346586.0
2163359.0 2166617.0 4355725.0
2163350.0 2166529.0 4355990.0
2163674.0 2166477.0 4351608.0
2164254.0 2163433.0 4351671.0
2160005.0 2163344.0 4351200.0
2159671.0 2171259.0 4354324.0
2166566.0 2167021.0 4349958.0
2157411.0 2166851.0 4350259.0
2162658.0 2167425.0 4347962.0
2164483.0 2165653.0 4351903.0
987472.0 988088.0 1981616.0
988422.0 991728.0 1983874.0
988523.0 988431.0 1980101.0
987283.0 987834.0 1980102.0
988343.0 989980.0 1980287.0
986121.0 988096.0 1982286.0
988249.0 988581.0 1984060.0
988616.0 991487.0 1988284.0
989591.0 991308.0 1988868.0
988715.0 990874.0 1984467.0
986226.0 991262.0 1984968.0
990214.0 990102.0 1983069.0
988057.0 988564.0 1980225.0
986005.0 989615.0 1983528.0
986500.0 987549.0 1980205.0
987554.0 991137.0 1983202.0
988322.0 990303.0 1982900.0
986577.0 989733.0 1983525.0
987515.0 988954.0 1983360.0
986201.0 994176.0 1983988.0
434322.0 436350.0 872328.0
434617.0 435286.0 873487.0
433937.0 436371.0 872889.0
434438.0 435019.0 869266.0
419341.0 435416.0 871062.0
433700.0 435565.0 871372.0
433930.0 434041.0 872726.0
434695.0 435837.0 870578.0
433425.0 435385.0 872361.0
434965.0 435574.0 871808.0
434707.0 435800.0 871108.0
434269.0 435019.0 872222.0
433469.0 435177.0 873453.0
434535.0 434736.0 871822.0
434661.0 434381.0 871599.0
435300.0 434844.0 871093.0
433814.0 434941.0 870060.0
432020.0 435082.0 871020.0
434885.0 436077.0 870338.0
436540.0 434751.0 873052.0
195625.0 196047.0 393362.0
195157.0 196350.0 393115.0
196489.0 195527.0 392858.0
195147.0 196204.0 393171.0
194752.0 196847.0 391846.0
195549.0 195883.0 392348.0
196016.0 196109.0 391658.0
196046.0 196871.0 392605.0
195744.0 195325.0 391426.0
195181.0 196732.0 392645.0
195226.0 195758.0 392433.0
194874.0 197679.0 394347.0
196593.0 196816.0 393641.0
195592.0 196195.0 392822.0
194644.0 196306.0 391218.0
195461.0 196335.0 392361.0
195511.0 196183.0 392592.0
195801.0 195955.0 391557.0
195510.0 197162.0 392162.0
196031.0 196054.0 392222.0
85109.0 85566.0 171379.0
84949.0 85498.0 171278.0
84838.0 85859.0 171063.0
85258.0 85602.0 170623.0
85017.0 85284.0 171588.0
85154.0 85770.0 171093.0
84889.0 85413.0 170371.0
85212.0 85641.0 171369.0
84895.0 85269.0 170625.0
85079.0 85838.0 171146.0
85482.0 85639.0 170878.0
84645.0 85695.0 170450.0
84989.0 85736.0 170933.0
85210.0 85616.0 171135.0
85304.0 85759.0 171511.0
84977.0 86094.0 170885.0
84797.0 85560.0 171233.0
85017.0 85198.0 171044.0
85476.0 85397.0 170939.0
84776.0 85105.0 171501.0
35253.0 35741.0 71604.0
35320.0 35625.0 71065.0
35431.0 35695.0 71212.0
34970.0 35776.0 71279.0
35253.0 35475.0 71262.0
35146.0 35316.0 70919.0
35243.0 35643.0 71058.0
35111.0 35380.0 70948.0
35386.0 35498.0 71102.0
35271.0 35510.0 71128.0
35117.0 35754.0 70993.0
35034.0 36035.0 70996.0
35610.0 35724.0 71054.0
35428.0 35408.0 71159.0
35178.0 35871.0 70564.0
35473.0 35555.0 70738.0
35453.0 35586.0 70938.0
35654.0 35390.0 70767.0
35451.0 35885.0 71383.0
35246.0 35648.0 71169.0
16786.0 16732.0 33776.0
16640.0 16972.0 33779.0
16659.0 16919.0 33901.0
16664.0 16785.0 33585.0
16764.0 16697.0 33417.0
16625.0 16629.0 33166.0
16643.0 16632.0 33229.0
16558.0 16696.0 33556.0
16591.0 16682.0 33372.0
16698.0 16923.0 33693.0
16685.0 16692.0 33547.0
16747.0 16816.0 33425.0
16704.0 16958.0 33703.0
16762.0 16885.0 33687.0
16489.0 16805.0 33595.0
16674.0 16968.0 33609.0
16907.0 16807.0 33277.0
16523.0 16927.0 33602.0
16789.0 16691.0 33638.0
16563.0 16585.0 33542.0
9388.0 9541.0 18734.0
9633.0 9555.0 18850.0
9389.0 9377.0 18893.0
9417.0 9465.0 18946.0
9526.0 9731.0 19106.0
9580.0 9474.0 19071.0
9495.0 9428.0 18954.0
9409.0 9592.0 18958.0
9522.0 9449.0 18826.0
9726.0 9519.0 19300.0
9703.0 9547.0 18817.0
9517.0 9630.0 18875.0
9502.0 9484.0 19018.0
9494.0 9509.0 18966.0
9576.0 9346.0 18944.0
9642.0 9549.0 19452.0
9565.0 9555.0 18971.0
9598.0 9549.0 19411.0
9444.0 9483.0 19178.0
9702.0 9575.0 19040.0
6910.0 6811.0 13491.0
6965.0 6878.0 13579.0
6822.0 6856.0 13956.0
6797.0 6860.0 13798.0
6823.0 6938.0 13730.0
6820.0 6859.0 13774.0
6863.0 6856.0 13732.0
6881.0 6877.0 13875.0
6829.0 6880.0 13637.0
6885.0 6802.0 13649.0
6873.0 6896.0 13702.0
6909.0 6952.0 13789.0
6861.0 6924.0 13675.0
6841.0 6879.0 13838.0
6883.0 7016.0 13725.0
6953.0 6976.0 13655.0
6881.0 6878.0 13770.0
6819.0 6945.0 13983.0
6890.0 6927.0 13757.0
6970.0 6852.0 13607.0
4142.0 4231.0 8639.0
4076.0 4148.0 8218.0
4210.0 4101.0 8266.0
4286.0 4237.0 8459.0
4195.0 4298.0 8515.0
4155.0 4250.0 8336.0
4125.0 4239.0 8178.0
4178.0 4195.0 8291.0
4235.0 4244.0 8419.0
4195.0 4220.0 8587.0
4250.0 4160.0 8480.0
4237.0 4199.0 8376.0
4198.0 4139.0 8269.0
4070.0 4261.0 8391.0
4128.0 4107.0 8284.0
4142.0 4270.0 8174.0
4175.0 4232.0 8336.0
4210.0 4212.0 8346.0
4179.0 4088.0 8517.0
4240.0 4220.0 8319.0
1964.0 1960.0 3939.0
1960.0 1979.0 3901.0
1936.0 1943.0 3850.0
1993.0 1984.0 3907.0
1940.0 1975.0 3810.0
1947.0 1991.0 3961.0
1959.0 1948.0 3793.0
1823.0 1979.0 3971.0
1957.0 2002.0 3901.0
1928.0 1947.0 3873.0
1930.0 3256.0 5209.0
1921.0 1998.0 3887.0
1928.0 2089.0 3825.0
1951.0 1977.0 3863.0
1962.0 1922.0 3851.0
1903.0 2058.0 3920.0
1950.0 2035.0 3939.0
1982.0 2016.0 4017.0
1966.0 1999.0 3826.0
2030.0 1972.0 3929.0
557.0 554.0 1068.0
580.0 549.0 1123.0
575.0 555.0 1178.0
533.0 617.0 1085.0
574.0 619.0 1088.0
526.0 537.0 1074.0
555.0 599.0 1032.0
568.0 537.0 1102.0
536.0 529.0 1064.0
543.0 528.0 1100.0
524.0 562.0 1092.0
561.0 554.0 1118.0
543.0 521.0 1056.0
554.0 553.0 1088.0
543.0 545.0 1064.0
529.0 574.0 1113.0
544.0 503.0 1094.0
536.0 558.0 1125.0
550.0 542.0 1041.0
544.0 599.0 1143.0
231.0 233.0 466.0
238.0 222.0 418.0
231.0 225.0 460.0
248.0 242.0 426.0
225.0 225.0 453.0
242.0 258.0 455.0
206.0 236.0 459.0
237.0 240.0 465.0
233.0 218.0 436.0
262.0 241.0 428.0
205.0 204.0 485.0
225.0 229.0 461.0
250.0 214.0 445.0
261.0 244.0 462.0
222.0 242.0 429.0
242.0 236.0 436.0
211.0 215.0 446.0
225.0 220.0 444.0
236.0 232.0 434.0
197.0 231.0 466.0
