518176412.0 526779615.0 989391668.0
518303111.0 526836995.0 989398822.0
518112113.0 526874006.0 989095322.0
518302985.0 527005890.0 989039872.0
518015860.0 526829304.0 988913456.0
518012206.0 526580994.0 988940051.0
517639777.0 526707404.0 988575631.0
517997194.0 526688860.0 989028042.0
517859744.0 526831756.0 988887371.0
517870202.0 526750250.0 988949331.0
517943785.0 526652064.0 988779546.0
517898679.0 526969520.0 988448309.0
517860067.0 526893447.0 988921306.0
518155293.0 526862678.0 988896494.0
517882092.0 526813716.0 988960210.0
517858322.0 526654772.0 988924721.0
517847689.0 526725356.0 988857930.0
518158666.0 526772502.0 989233559.0
517921575.0 526742346.0 988940642.0
517966144.0 526724422.0 989217253.0
322014828.0 326070001.0 660598257.0
322118408.0 326080283.0 660706132.0
322176671.0 326090695.0 660543175.0
321921538.0 325998484.0 660624296.0
321984052.0 325910808.0 660118902.0
321820953.0 326027072.0 660418415.0
321959927.0 325946641.0 660451244.0
321930921.0 325918907.0 660093613.0
321672722.0 325917031.0 660436818.0
321729729.0 325931750.0 660356732.0
321907659.0 325911573.0 660437749.0
322036214.0 326030810.0 660546915.0
321973405.0 325990112.0 660507583.0
322009023.0 325801521.0 660146721.0
321824871.0 325687416.0 659970497.0
321895573.0 325998256.0 660334930.0
321806678.0 325870550.0 660354320.0
322005869.0 325893103.0 660351768.0
322000698.0 326017021.0 660535089.0
322141936.0 326271077.0 660764321.0
208190138.0 210207614.0 437413861.0
208167706.0 210059463.0 437340430.0
207991181.0 209925927.0 437150393.0
207969352.0 209953029.0 437124795.0
207968840.0 209929766.0 437166259.0
208008313.0 210065335.0 437091242.0
207942792.0 210047531.0 437235019.0
207980567.0 210046126.0 437256988.0
208019805.0 210081123.0 437409214.0
208049768.0 210159898.0 437301625.0
208089993.0 210022860.0 437217292.0
207968343.0 210082942.0 437109864.0
207913454.0 209925717.0 437046453.0
207799750.0 209893331.0 436712434.0
207851179.0 209840541.0 436806376.0
207748601.0 209925516.0 436973942.0
207804936.0 209956236.0 437227389.0
207975913.0 209993594.0 437309481.0
208047065.0 210097368.0 437376369.0
208017284.0 210116993.0 437317734.0
139257756.0 140256718.0 293107927.0
139225820.0 140233945.0 293017748.0
139243432.0 140244078.0 293175314.0
139177105.0 140254805.0 292996232.0
139141463.0 140197312.0 292907914.0
139151523.0 140148165.0 292955696.0
138999064.0 140148106.0 292862096.0
139219973.0 140227955.0 292921361.0
139260814.0 140246656.0 293062880.0
139257796.0 140231732.0 293133116.0
139169922.0 140261773.0 293158391.0
139192000.0 140227521.0 293017157.0
139171688.0 140290352.0 293064564.0
139241961.0 140251729.0 293042573.0
139199074.0 140307836.0 293030557.0
139199169.0 140248892.0 293019381.0
139244753.0 140252080.0 292885621.0
139161552.0 140209368.0 293016400.0
139241897.0 140271103.0 292904968.0
139244497.0 140289596.0 293031769.0
93665590.0 94178656.0 195651014.0
93707721.0 94201486.0 195682641.0
93671279.0 94206546.0 195683504.0
93716633.0 94196955.0 195704231.0
93641067.0 94146472.0 195450020.0
93628543.0 94134268.0 195624128.0
93684154.0 94146154.0 195562225.0
93679714.0 94199142.0 195608971.0
93696644.0 94174895.0 195594562.0
93684651.0 94165611.0 195509542.0
93670861.0 94166546.0 195543305.0
93671010.0 94197882.0 195612578.0
93680700.0 94166546.0 195713413.0
93654460.0 94207222.0 195614794.0
93694677.0 94165882.0 195742685.0
93649278.0 94154632.0 195643446.0
93665137.0 94210766.0 195710805.0
93695921.0 94196910.0 195670860.0
93710995.0 94246422.0 195730776.0
93682480.0 94218692.0 195679267.0
63105773.0 63347304.0 130471329.0
63100290.0 63374148.0 130507610.0
63116805.0 63370659.0 130520560.0
63128597.0 63388195.0 130552571.0
63138597.0 63397265.0 130563322.0
63132881.0 63384047.0 130541385.0
63099654.0 63352253.0 130435842.0
63085364.0 63351936.0 130330902.0
63139120.0 63302162.0 130547731.0
63093486.0 63297896.0 130444518.0
63136252.0 63346610.0 130535436.0
63123396.0 63378156.0 130541194.0
63146521.0 63408861.0 130561473.0
63102438.0 63370885.0 130480783.0
63105035.0 63352293.0 130521735.0
63113909.0 63355147.0 130496460.0
63108557.0 63353353.0 130505253.0
63086243.0 63360469.0 130462715.0
63085656.0 63352114.0 130508341.0
63083728.0 63360029.0 130521942.0
41754427.0 41899886.0 85578962.0
41768439.0 41899851.0 85583594.0
41776716.0 41892189.0 85554528.0
41753284.0 41883263.0 85522119.0
41747207.0 41891933.0 85567491.0
41739743.0 41885176.0 85538678.0
41724677.0 41880633.0 85557351.0
41755566.0 41886745.0 85570648.0
41762745.0 41908404.0 85587149.0
41756248.0 41916813.0 85569225.0
41770443.0 41916782.0 85598127.0
41754294.0 41884564.0 85554060.0
41742048.0 41897517.0 85610001.0
41720105.0 41885110.0 85566746.0
41744699.0 41863560.0 85566384.0
41736964.0 41873702.0 85557895.0
41729630.0 41887132.0 85523257.0
41719340.0 41861350.0 85577141.0
41719005.0 41877496.0 85548560.0
41748962.0 41910556.0 85543860.0
28706029.0 28791637.0 58451935.0
28693408.0 28797993.0 58438175.0
28690285.0 28802981.0 58430091.0
28681833.0 28776068.0 58443021.0
28688304.0 26644915.0 58452496.0
28674182.0 28790001.0 58431148.0
28689847.0 28776770.0 58423893.0
28689447.0 28783645.0 58396253.0
28685742.0 28789958.0 58390653.0
28686447.0 28786493.0 58438494.0
28679917.0 28775036.0 58407661.0
28670964.0 28767008.0 58421118.0
28672515.0 28790990.0 58413717.0
28674772.0 28777033.0 58442008.0
28691998.0 28788969.0 58430380.0
28687110.0 28788412.0 58415680.0
28699558.0 28775758.0 58417308.0
28675862.0 28787875.0 58443572.0
28674404.0 28776229.0 58441241.0
28667250.0 28796370.0 58396903.0
18406746.0 18452735.0 37273236.0
18403816.0 18456508.0 37255990.0
18391805.0 18446705.0 37248180.0
18413502.0 18447630.0 37311982.0
18413562.0 18469230.0 37319789.0
18426454.0 18476795.0 37337841.0
18445334.0 18468690.0 37336916.0
18428452.0 18469413.0 37314291.0
18407304.0 18465622.0 37310267.0
18414035.0 18460886.0 37287182.0
18414101.0 18458547.0 37300136.0
18418757.0 18462221.0 37313941.0
18423624.0 18471665.0 37328339.0
18436489.0 18487162.0 37336854.0
18442049.0 18487016.0 37367588.0
18442569.0 18489815.0 37344289.0
18431078.0 18479817.0 37336370.0
18441419.0 18479089.0 37339721.0
18424187.0 18477275.0 37318440.0
18429691.0 18470833.0 37342402.0
12685223.0 12709340.0 25607242.0
12698736.0 12725919.0 25654479.0
12698693.0 12725929.0 25642063.0
12699610.0 12722652.0 25641840.0
12694948.0 12717278.0 25628860.0
12690779.0 12717493.0 25624461.0
12696738.0 12721925.0 25629130.0
12701025.0 12725045.0 25635676.0
12702442.0 12727583.0 25636450.0
12706635.0 12719337.0 25646518.0
12699524.0 12719609.0 25623795.0
12703176.0 12715274.0 25626836.0
12703403.0 12718691.0 25636487.0
12702266.0 12722168.0 25636099.0
12709782.0 12728198.0 25641381.0
12705470.0 12729731.0 25629619.0
12705427.0 12722963.0 25649636.0
12706209.0 12726587.0 25651167.0
12705766.0 12726284.0 25637358.0
12694969.0 12721375.0 25618674.0
8649222.0 8660020.0 17403786.0
8645322.0 8662953.0 17412129.0
8652490.0 8667188.0 17411827.0
8650838.0 8667879.0 17436591.0
8654867.0 8672310.0 17426841.0
8654400.0 8664843.0 17432233.0
8654481.0 8671316.0 17436978.0
8648077.0 8670204.0 17420766.0
8648346.0 8668326.0 17423636.0
8646686.0 8667350.0 17417228.0
8647156.0 8667555.0 17421548.0
8642439.0 8665971.0 17415657.0
8646543.0 8665013.0 17424373.0
8642865.0 8672129.0 17421214.0
8642243.0 8669362.0 17415109.0
8645358.0 8666176.0 17407970.0
8646573.0 8662708.0 17407138.0
8635016.0 8655944.0 17399598.0
8638976.0 8656096.0 17394993.0
8627004.0 8658440.0 17409681.0
5565205.0 5575663.0 11192231.0
5565616.0 5574452.0 11191200.0
5564464.0 5577981.0 11191076.0
5562884.0 5571648.0 11185520.0
5566334.0 5576833.0 11180249.0
5561481.0 5574940.0 11177070.0
5563408.0 5573764.0 11182664.0
5560747.0 5571412.0 11175311.0
5565497.0 5575230.0 11188642.0
5564123.0 5574507.0 11194375.0
5567408.0 5579509.0 11185700.0
5564273.0 5573595.0 11183890.0
5564221.0 5572502.0 11185868.0
5562186.0 5574451.0 11175464.0
5560415.0 5573278.0 11185166.0
5566458.0 5578715.0 11193093.0
5570200.0 5576359.0 11191063.0
5564280.0 5578298.0 11201679.0
5565973.0 5578384.0 11190314.0
5563766.0 5574595.0 11189127.0
3847518.0 3849784.0 7720261.0
3843802.0 3853250.0 7725800.0
3840829.0 3849118.0 7722245.0
3842397.0 3856553.0 7721420.0
3844448.0 3854584.0 7726108.0
3846698.0 3855503.0 7728049.0
3846026.0 3855531.0 7723947.0
3844194.0 3855508.0 7733565.0
3842499.0 3854145.0 7724227.0
3844485.0 3855897.0 7716231.0
3840912.0 3853634.0 7717116.0
3842342.0 3852644.0 7719582.0
3841731.0 3852127.0 7725761.0
3845296.0 3858989.0 7718887.0
3845361.0 3853473.0 7725236.0
3842064.0 3853015.0 7718904.0
3839938.0 3857419.0 7719673.0
3844176.0 3849005.0 7717835.0
3838576.0 3851453.0 7714852.0
3844729.0 3850448.0 7721113.0
2465023.0 2474240.0 4947067.0
2466037.0 2470232.0 4949618.0
2465581.0 2470133.0 4951483.0
2469113.0 2470777.0 4954112.0
2466865.0 2470955.0 4953082.0
2467681.0 2470640.0 4950709.0
2466102.0 2468902.0 4953722.0
2464647.0 2472528.0 4953351.0
2468460.0 2471357.0 4951741.0
2462926.0 2469208.0 4949865.0
2466196.0 2474134.0 4952349.0
2463662.0 2473456.0 4950532.0
2466450.0 2471666.0 4949845.0
2463226.0 2473653.0 4945148.0
2462159.0 2468413.0 4946605.0
2462729.0 2467898.0 4948584.0
2465002.0 2470064.0 4955134.0
2465180.0 2473070.0 4950415.0
2466845.0 2470958.0 4950851.0
2464965.0 2473954.0 4957503.0
1669976.0 1674359.0 3351842.0
1670818.0 1674191.0 3352858.0
1671224.0 1674485.0 3351789.0
1668133.0 1674725.0 3353601.0
1669159.0 1676502.0 3355341.0
1671581.0 1676049.0 3354875.0
1669884.0 1674480.0 3351252.0
1672815.0 1675905.0 3358892.0
1673207.0 1676564.0 3352271.0
1672152.0 1676356.0 3350602.0
1670167.0 1673574.0 3353371.0
1669959.0 1675516.0 3354516.0
1671615.0 1673894.0 3349667.0
1671990.0 1675849.0 3356250.0
1672918.0 1676918.0 3355987.0
1672993.0 1677156.0 3353963.0
1674342.0 1675746.0 3353075.0
1670115.0 1676923.0 3351385.0
1668624.0 1674640.0 3351759.0
1669889.0 1675799.0 3347526.0
1115347.0 1121480.0 2239217.0
1115668.0 1120889.0 2243680.0
1118186.0 1122715.0 2244138.0
1116568.0 1123753.0 2242873.0
1117806.0 1123699.0 2244011.0
1119441.0 1121209.0 2244479.0
1117102.0 1119406.0 2240258.0
1116455.0 1120771.0 2239334.0
1116034.0 1122066.0 2243256.0
1118258.0 1121810.0 2243942.0
1117448.0 1121734.0 2243121.0
1117883.0 1123236.0 2244762.0
1119172.0 1121421.0 2242408.0
1119073.0 1122257.0 2246480.0
1119316.0 1121692.0 2245620.0
1117235.0 1121816.0 2243403.0
1118629.0 1123688.0 2245899.0
1115476.0 1123983.0 2243618.0
1119297.0 1120356.0 2243829.0
1116637.0 1121858.0 2245868.0
743476.0 746950.0 1494611.0
743578.0 749367.0 1493301.0
743168.0 747889.0 1494539.0
742659.0 747282.0 1491434.0
742857.0 745670.0 1492892.0
743020.0 747372.0 1494890.0
743565.0 746813.0 1491515.0
744775.0 746593.0 1493225.0
742337.0 748071.0 1492219.0
741361.0 746594.0 1492117.0
743768.0 747272.0 1489761.0
742901.0 746272.0 1490970.0
743213.0 747210.0 1492230.0
743851.0 747449.0 1492158.0
744957.0 745571.0 1495110.0
742079.0 747051.0 1492708.0
742579.0 746909.0 1492981.0
743444.0 748159.0 1491823.0
742904.0 746449.0 1492160.0
742592.0 745839.0 1492505.0
490516.0 491633.0 984157.0
489820.0 492604.0 982315.0
489016.0 492230.0 981400.0
489785.0 491533.0 983129.0
489825.0 491448.0 982807.0
488589.0 491784.0 982134.0
489208.0 492340.0 983224.0
488414.0 490846.0 984223.0
490107.0 490946.0 982410.0
489166.0 492166.0 982458.0
488571.0 493468.0 983631.0
489729.0 492951.0 982189.0
489371.0 491363.0 982477.0
488461.0 491364.0 982386.0
489999.0 491562.0 983672.0
488855.0 491818.0 983842.0
489977.0 490952.0 982445.0
490400.0 491534.0 981255.0
489958.0 492017.0 984310.0
488603.0 491534.0 982826.0
335779.0 336201.0 673068.0
336039.0 338135.0 674877.0
336572.0 337349.0 674715.0
335398.0 336082.0 674310.0
335752.0 335793.0 673414.0
336466.0 337197.0 673614.0
336741.0 337674.0 675073.0
335613.0 336739.0 673626.0
336312.0 337137.0 674047.0
335471.0 337091.0 676036.0
336451.0 336050.0 673124.0
336917.0 337552.0 673896.0
336076.0 338042.0 675339.0
336912.0 336838.0 674494.0
336476.0 337922.0 676579.0
335961.0 337505.0 673689.0
336908.0 336593.0 674511.0
336838.0 337048.0 674668.0
336442.0 337120.0 675276.0
335644.0 338105.0 674928.0
223311.0 224122.0 448008.0
222667.0 223908.0 447935.0
209762.0 224603.0 448972.0
222995.0 224795.0 447825.0
223533.0 224274.0 447360.0
223225.0 224443.0 447291.0
223408.0 223963.0 446346.0
222807.0 223348.0 448386.0
223933.0 224082.0 448477.0
222245.0 224039.0 448056.0
222926.0 223532.0 448543.0
223671.0 224537.0 447463.0
223401.0 224244.0 448970.0
222784.0 223837.0 448001.0
223582.0 223941.0 447491.0
222417.0 223576.0 447839.0
222798.0 224941.0 448021.0
222697.0 224003.0 447211.0
223225.0 223922.0 448861.0
223408.0 225037.0 448294.0
145086.0 146000.0 291165.0
144074.0 135996.0 291927.0
144672.0 145613.0 291439.0
145008.0 145408.0 289986.0
144755.0 145535.0 290700.0
144947.0 145899.0 290909.0
144773.0 145516.0 290797.0
144756.0 144620.0 290169.0
144782.0 146615.0 291178.0
144938.0 145764.0 291212.0
145103.0 145870.0 290900.0
144432.0 145937.0 291255.0
144807.0 146124.0 290856.0
144464.0 146003.0 290722.0
144700.0 145384.0 290580.0
144824.0 146315.0 289917.0
144568.0 146444.0 291496.0
144809.0 145646.0 291757.0
144049.0 145407.0 290949.0
145026.0 145852.0 290958.0
99667.0 100825.0 200288.0
99181.0 100657.0 200238.0
99718.0 100389.0 200726.0
99850.0 100620.0 201073.0
99342.0 100257.0 200024.0
99708.0 100297.0 200751.0
100086.0 100152.0 201036.0
100091.0 100329.0 200282.0
99838.0 100326.0 199859.0
100001.0 100800.0 201016.0
99525.0 100464.0 201024.0
99940.0 99659.0 200639.0
99816.0 100635.0 201016.0
99924.0 100199.0 200352.0
100110.0 100991.0 200530.0
99512.0 100250.0 200296.0
99160.0 100099.0 200594.0
99650.0 100560.0 200936.0
99459.0 100494.0 199743.0
99960.0 100663.0 200868.0
67845.0 68536.0 136414.0
68159.0 68201.0 135849.0
67514.0 67885.0 136537.0
67514.0 68090.0 136344.0
67929.0 68507.0 136140.0
68264.0 68090.0 136593.0
68408.0 68291.0 135629.0
67774.0 67907.0 135438.0
67605.0 68419.0 135999.0
67718.0 68651.0 136321.0
67413.0 67914.0 135768.0
67845.0 68418.0 136616.0
67754.0 68316.0 136067.0
67871.0 68235.0 136544.0
67553.0 68518.0 135616.0
67921.0 68653.0 136525.0
67296.0 68045.0 135910.0
67825.0 68175.0 136009.0
67560.0 68126.0 136448.0
67892.0 68211.0 135971.0
42631.0 43042.0 85920.0
42408.0 43351.0 85665.0
42381.0 42725.0 85715.0
42040.0 42962.0 85342.0
42778.0 42780.0 86130.0
42520.0 42687.0 84937.0
42624.0 42842.0 85570.0
42635.0 42944.0 85989.0
42600.0 43168.0 85861.0
42625.0 43060.0 85526.0
42663.0 42798.0 85348.0
42260.0 43082.0 85555.0
42514.0 43335.0 85337.0
42434.0 42938.0 84931.0
42434.0 42964.0 85268.0
42607.0 43069.0 85420.0
42652.0 43117.0 85979.0
42447.0 42757.0 85592.0
42580.0 42973.0 85436.0
42395.0 42764.0 85452.0
21822.0 22279.0 44445.0
21937.0 22137.0 44279.0
22145.0 22269.0 44422.0
22195.0 22250.0 44397.0
22089.0 22250.0 44145.0
22089.0 22267.0 43728.0
22040.0 22485.0 44077.0
22335.0 22516.0 44438.0
21844.0 22219.0 44146.0
22055.0 22343.0 44340.0
22018.0 22360.0 44242.0
22258.0 22221.0 44439.0
21926.0 22300.0 44396.0
21799.0 22413.0 44561.0
22120.0 22188.0 44271.0
22039.0 22144.0 44847.0
22160.0 22435.0 44264.0
22120.0 22254.0 44655.0
21804.0 22057.0 44044.0
21998.0 22267.0 44612.0
14505.0 14667.0 28964.0
14696.0 14556.0 29227.0
14240.0 14807.0 29264.0
14377.0 14673.0 28960.0
14289.0 14480.0 29065.0
14393.0 14693.0 28968.0
14466.0 14845.0 28920.0
14320.0 14766.0 29067.0
14239.0 14453.0 29002.0
14364.0 14674.0 28937.0
14198.0 14771.0 28749.0
14470.0 14738.0 28769.0
14302.0 14544.0 29075.0
14364.0 14672.0 29055.0
14286.0 14387.0 29077.0
14508.0 14648.0 29059.0
14396.0 14530.0 29007.0
14400.0 14660.0 28984.0
14419.0 14481.0 29086.0
14341.0 14942.0 29109.0
9385.0 9261.0 18508.0
9124.0 9318.0 18665.0
9186.0 9374.0 18259.0
9098.0 9332.0 18061.0
9125.0 9437.0 18389.0
9132.0 9210.0 18519.0
9113.0 9196.0 18336.0
9027.0 9427.0 18443.0
9194.0 9150.0 18282.0
9171.0 9140.0 18237.0
9171.0 9262.0 18240.0
9206.0 9243.0 18542.0
9078.0 9276.0 18260.0
9078.0 9159.0 18282.0
9093.0 9223.0 18458.0
9219.0 9366.0 18544.0
9086.0 9224.0 18478.0
9083.0 9120.0 18402.0
9162.0 9234.0 18421.0
9028.0 9286.0 18368.0
5614.0 5821.0 11699.0
5834.0 5891.0 11593.0
5798.0 5861.0 11407.0
5756.0 5782.0 11421.0
5729.0 5776.0 11626.0
5838.0 5878.0 11361.0
5648.0 5914.0 11489.0
5921.0 5952.0 11522.0
5854.0 5968.0 11499.0
5693.0 5997.0 11550.0
5807.0 5730.0 11658.0
5929.0 5920.0 11485.0
5878.0 5851.0 11567.0
5808.0 5929.0 11732.0
5582.0 5755.0 11780.0
5696.0 5909.0 11682.0
5791.0 5912.0 11553.0
5809.0 5901.0 11600.0
5674.0 5974.0 11558.0
5740.0 5946.0 11416.0
4230.0 4234.0 8507.0
4135.0 4291.0 8455.0
4078.0 4207.0 8431.0
4097.0 4266.0 8294.0
4226.0 4334.0 8423.0
4100.0 4179.0 8390.0
4141.0 4187.0 8552.0
4130.0 4273.0 8303.0
4036.0 4177.0 8516.0
4146.0 4126.0 8467.0
4134.0 4243.0 8419.0
4133.0 4249.0 8402.0
4150.0 4319.0 8384.0
4139.0 4306.0 8133.0
4092.0 4221.0 8334.0
4146.0 4241.0 8334.0
4125.0 4238.0 8418.0
4171.0 4148.0 8500.0
4189.0 4139.0 8395.0
4217.0 6066.0 8474.0
2324.0 2456.0 4780.0
2376.0 2423.0 4713.0
2318.0 2443.0 4715.0
2412.0 2449.0 4781.0
2344.0 2406.0 4807.0
2428.0 2476.0 4628.0
2338.0 2431.0 4765.0
2322.0 2366.0 4722.0
2378.0 2458.0 4895.0
2352.0 2379.0 4902.0
2411.0 2501.0 4808.0
2390.0 2360.0 4690.0
2328.0 2385.0 4759.0
2319.0 2469.0 4778.0
2288.0 3809.0 4675.0
2334.0 2493.0 4789.0
2297.0 2332.0 4875.0
2414.0 2406.0 4780.0
2292.0 2409.0 4638.0
2282.0 2380.0 4823.0
1538.0 1533.0 2975.0
1445.0 1560.0 2957.0
1493.0 1536.0 2778.0
1561.0 1539.0 2952.0
1494.0 1515.0 3009.0
1446.0 1544.0 2995.0
1503.0 1495.0 2996.0
1431.0 1496.0 2963.0
1496.0 1476.0 2981.0
1490.0 1506.0 2971.0
1447.0 1515.0 2955.0
1507.0 1526.0 2991.0
1451.0 1526.0 2948.0
1437.0 1466.0 2913.0
1487.0 1437.0 2989.0
1477.0 1512.0 2940.0
1473.0 1442.0 3122.0
1629.0 1491.0 2951.0
1548.0 1470.0 2954.0
1458.0 1574.0 3045.0
1017.0 1059.0 2017.0
1005.0 1059.0 2057.0
1005.0 1159.0 1974.0
1026.0 1043.0 1974.0
991.0 1035.0 2104.0
993.0 1022.0 2092.0
1020.0 966.0 2040.0
1038.0 987.0 2062.0
1022.0 1017.0 2012.0
1034.0 1066.0 2052.0
1045.0 1087.0 2025.0
1000.0 1058.0 1947.0
1098.0 1009.0 2017.0
1007.0 1014.0 2008.0
978.0 1027.0 2104.0
1040.0 982.0 2012.0
1010.0 1050.0 2066.0
1016.0 1011.0 2001.0
974.0 1005.0 2055.0
1001.0 1064.0 2010.0
709.0 680.0 1383.0
683.0 724.0 1405.0
688.0 665.0 1387.0
680.0 724.0 1343.0
680.0 803.0 1416.0
680.0 709.0 1352.0
665.0 750.0 1394.0
700.0 694.0 1441.0
686.0 695.0 1378.0
705.0 731.0 1386.0
689.0 668.0 1321.0
714.0 715.0 1409.0
688.0 668.0 1358.0
692.0 683.0 1359.0
632.0 729.0 1421.0
686.0 691.0 1339.0
702.0 663.0 1352.0
692.0 710.0 1357.0
647.0 708.0 1379.0
685.0 704.0 1344.0
386.0 419.0 750.0
416.0 496.0 789.0
428.0 440.0 793.0
348.0 422.0 740.0
435.0 441.0 731.0
388.0 470.0 760.0
401.0 445.0 729.0
431.0 424.0 746.0
410.0 453.0 776.0
420.0 453.0 735.0
398.0 451.0 758.0
382.0 434.0 782.0
413.0 427.0 768.0
436.0 451.0 708.0
382.0 450.0 812.0
436.0 427.0 807.0
412.0 444.0 742.0
384.0 442.0 786.0
412.0 460.0 729.0
400.0 445.0 737.0
