650400953.0 674843750.0 57138162.0
637949157.0 675420366.0 58885409.0
628020420.0 676052313.0 54547476.0
658557095.0 675891525.0 61546529.0
627647041.0 676180445.0 48993570.0
658608499.0 676275221.0 59448011.0
629309402.0 676360677.0 43978988.0
658689063.0 675753389.0 62775243.0
628234568.0 675750595.0 56287396.0
657805052.0 675327582.0 58681585.0
627660716.0 675489041.0 58137266.0
638976029.0 676084929.0 73387098.0
628437718.0 676351567.0 53634982.0
658182851.0 676436412.0 58897790.0
628285458.0 676588645.0 51063526.0
658549663.0 676400686.0 55951998.0
628137792.0 676009654.0 55388499.0
657543936.0 675727603.0 50411609.0
628948354.0 675741746.0 53173328.0
657225862.0 675984159.0 54597177.0
502794698.0 521215470.0 912684587.0
507948199.0 521578149.0 844804295.0
508798097.0 521628955.0 913435807.0
508618138.0 522081455.0 913872464.0
508307296.0 522023739.0 913480648.0
508464748.0 521556077.0 913046429.0
508106953.0 521230098.0 911920559.0
507437490.0 520645427.0 911377370.0
507098320.0 520589868.0 911510179.0
507170830.0 521046611.0 912143818.0
507405518.0 521575270.0 912591134.0
508004902.0 521761515.0 912958741.0
508070549.0 521906450.0 913003240.0
507830431.0 521461061.0 912790799.0
507606065.0 521241564.0 859847623.0
507425543.0 521057755.0 912002602.0
507275259.0 521094152.0 911688056.0
506996510.0 521097323.0 911821907.0
507229217.0 521535697.0 912415841.0
507459567.0 521711503.0 912852640.0
379718149.0 389857455.0 700333512.0
379735295.0 389608901.0 699783351.0
379310262.0 389223219.0 699234442.0
378703264.0 388843155.0 698561120.0
378493653.0 388867115.0 698305136.0
378388527.0 389138675.0 699057245.0
378605608.0 389505823.0 699483062.0
379007747.0 389842113.0 699994854.0
379119775.0 389650168.0 700175748.0
379359104.0 389800761.0 699811922.0
379214897.0 389604456.0 699415764.0
378768973.0 389208628.0 698949973.0
378462837.0 389099266.0 698738559.0
378377111.0 389439621.0 699366015.0
379089518.0 389828067.0 700051961.0
379163113.0 389969924.0 700101033.0
379344199.0 389703104.0 700199927.0
363813375.0 389587396.0 699752250.0
379127479.0 389342489.0 699006552.0
378389912.0 388919835.0 698423712.0
274731487.0 282612304.0 517999654.0
274641582.0 282542049.0 517858161.0
274570166.0 282556472.0 517975143.0
274669698.0 282671306.0 518101456.0
274788768.0 282727482.0 518448266.0
275118018.0 282836315.0 518297355.0
274935418.0 282616462.0 518173277.0
274907814.0 282533553.0 518112023.0
274616468.0 282700076.0 518104920.0
274666606.0 282538991.0 517992520.0
274757829.0 282714612.0 486217791.0
274843450.0 282765060.0 518293665.0
274908533.0 282753655.0 518338895.0
274937556.0 282671939.0 518113761.0
274771464.0 282739806.0 518158394.0
274761082.0 282754235.0 518225372.0
274945113.0 282722640.0 518186027.0
274764815.0 282737300.0 518091157.0
274758871.0 282714945.0 518143832.0
274861154.0 282807502.0 518319168.0
180940638.0 198024231.0 370411086.0
192559233.0 198050683.0 370260726.0
192512473.0 198030321.0 370267091.0
192476273.0 198103123.0 370313748.0
192493233.0 197978413.0 370554500.0
192611638.0 198157629.0 370482228.0
192743965.0 198268541.0 370680354.0
192773379.0 198269036.0 370747481.0
192816743.0 198361420.0 370898913.0
192828948.0 198161280.0 370685879.0
192672094.0 198058507.0 370302657.0
192486802.0 197939039.0 370193768.0
192430537.0 197944385.0 370079746.0
192508457.0 198027545.0 370189251.0
192579513.0 198000076.0 370323135.0
192429769.0 198162874.0 370430273.0
192609893.0 198144436.0 370494325.0
192569340.0 198171175.0 370531052.0
192609002.0 198265867.0 370570513.0
192658959.0 198154621.0 370579805.0
135002224.0 138763262.0 263708281.0
135022768.0 138839353.0 263812573.0
135013088.0 138826544.0 263798286.0
135108036.0 138792466.0 263974723.0
135071228.0 138826141.0 263755290.0
135070726.0 138799448.0 263651090.0
134942752.0 138763787.0 263706557.0
134991818.0 138750573.0 263554468.0
134947639.0 138709603.0 263629414.0
134943215.0 138758576.0 263575220.0
134911718.0 138739986.0 263563047.0
134911496.0 138768237.0 263625342.0
134967542.0 138746579.0 263634370.0
134991171.0 138739372.0 263541308.0
134932924.0 138683760.0 263502763.0
134854435.0 138660638.0 263441221.0
134825822.0 138703160.0 263438147.0
134774184.0 138657142.0 263365857.0
134825213.0 138630962.0 263400309.0
134817580.0 138667398.0 263365716.0
91686649.0 94198939.0 181239119.0
91651402.0 94129598.0 181184908.0
91567674.0 94139549.0 181123004.0
91538814.0 94148991.0 181085227.0
91539168.0 94157377.0 181091304.0
91494085.0 94137635.0 181109780.0
91533656.0 94122982.0 181148682.0
91539976.0 94195060.0 181174804.0
91581781.0 94225357.0 181167749.0
91669009.0 94204825.0 181244212.0
91625666.0 94192638.0 181243057.0
91614365.0 94148988.0 181269839.0
91622867.0 94134806.0 181161037.0
91564239.0 94127181.0 181111070.0
91562995.0 94149730.0 181138699.0
91533715.0 94150332.0 181131515.0
91534021.0 94142350.0 181104532.0
91563759.0 94161540.0 181211937.0
91595431.0 94150188.0 181143923.0
91566009.0 94140398.0 181136112.0
63001733.0 64791650.0 125668984.0
62998618.0 64795859.0 125634251.0
62993331.0 64779024.0 125640819.0
62985448.0 64780147.0 125647365.0
62958495.0 64784525.0 125643471.0
62958961.0 64808989.0 125639454.0
62964082.0 64779808.0 125637272.0
62938982.0 64786864.0 125653771.0
62961823.0 64769581.0 125571084.0
62982374.0 64765902.0 125652300.0
62973051.0 64759270.0 125636391.0
62954788.0 64773174.0 125604507.0
62947592.0 64815039.0 125683748.0
62972849.0 64790840.0 125651558.0
62942940.0 64779741.0 125635548.0
62945269.0 64768686.0 125654011.0
62937298.0 64792688.0 125678751.0
62982163.0 64829423.0 125669275.0
62970313.0 64805702.0 125607127.0
62934394.0 64795689.0 125648137.0
43325278.0 44586851.0 86979870.0
43316426.0 44560579.0 86946857.0
43326710.0 44595118.0 86949243.0
43339394.0 44610107.0 86964842.0
43315223.0 44587496.0 86964079.0
43312580.0 44595394.0 86963015.0
43329208.0 44598811.0 86943586.0
43320207.0 44596789.0 86961480.0
43330419.0 44593479.0 86986850.0
43308072.0 44584181.0 86949768.0
43329436.0 44606123.0 86964902.0
43313881.0 44573097.0 86927408.0
43316577.0 44577175.0 86938542.0
43308890.0 44581197.0 86934514.0
43324463.0 44605898.0 86945486.0
43298768.0 44590280.0 86960480.0
43312625.0 44591882.0 86958034.0
43316325.0 44604614.0 86932830.0
43309445.0 44594579.0 86967623.0
43327809.0 44616509.0 86963865.0
29227914.0 30063565.0 58872734.0
29224949.0 30068777.0 58873230.0
29210172.0 30075115.0 58901415.0
29219880.0 30075464.0 58875405.0
29211618.0 30074886.0 58855571.0
29210336.0 30074065.0 58872409.0
29207862.0 30067352.0 58848578.0
29203145.0 30062663.0 58860822.0
29208635.0 30054351.0 58858126.0
29201326.0 30068673.0 58885370.0
29232089.0 30087380.0 58904630.0
29226167.0 30101313.0 58902348.0
29242021.0 30091087.0 58887105.0
29236210.0 30091469.0 58921105.0
29221742.0 28192143.0 58897947.0
29211224.0 30061729.0 58877478.0
29203480.0 30066934.0 58876350.0
29197164.0 30078419.0 58877259.0
29214774.0 30081209.0 58894056.0
29204133.0 30068007.0 58867818.0
19162215.0 19742754.0 38750694.0
19170294.0 19745034.0 38754035.0
19175247.0 19757143.0 38779297.0
19177855.0 19761472.0 38774140.0
19192238.0 19771275.0 38768635.0
19200707.0 19765004.0 38784237.0
19183243.0 19749730.0 38799546.0
19192762.0 19757454.0 38807495.0
19202621.0 19763168.0 38796406.0
19198996.0 19777112.0 38797205.0
19189353.0 19766829.0 38811108.0
19197469.0 19759944.0 38801117.0
19202939.0 19766833.0 38804973.0
19195757.0 19765444.0 38788510.0
19195883.0 19763565.0 38805131.0
19195079.0 19776798.0 38808702.0
19201419.0 19773730.0 38793314.0
19190808.0 19762271.0 38778036.0
19195144.0 19772045.0 38804707.0
19189681.0 19775995.0 38816460.0
13121531.0 13525634.0 26548476.0
13126311.0 13527097.0 26575859.0
13137469.0 13534192.0 26572423.0
13134704.0 13532867.0 26587711.0
13126441.0 13524923.0 26589104.0
13133726.0 13531500.0 26583104.0
13124530.0 13522988.0 26579126.0
13122376.0 13517102.0 26571581.0
13121766.0 13521170.0 26578733.0
13123431.0 13518389.0 26577785.0
13111351.0 13522460.0 26577812.0
13115557.0 13520726.0 26567302.0
13106760.0 13519438.0 26561852.0
13113723.0 13507367.0 23629322.0
13026237.0 13510294.0 26557388.0
13117551.0 13506859.0 26559490.0
13110053.0 13508225.0 26557079.0
13103197.0 13502712.0 26543753.0
13100149.0 13507403.0 26551339.0
13101419.0 13504704.0 26534829.0
8804650.0 9083357.0 17849549.0
8805043.0 9076803.0 17861100.0
8805859.0 9086057.0 17850597.0
8797631.0 9076014.0 16519477.0
7863983.0 9081490.0 17857491.0
8809283.0 9073678.0 17850179.0
8799334.0 9079708.0 17861953.0
8797886.0 9077113.0 17855942.0
8801188.0 9077031.0 17853141.0
8807464.0 9084651.0 17859578.0
8803754.0 9082435.0 17868897.0
8809049.0 9080025.0 17859848.0
8808833.0 9073809.0 17854345.0
8802891.0 8606348.0 17851258.0
8797956.0 9081466.0 17851486.0
8798383.0 9076980.0 17852365.0
8791112.0 9074373.0 17846375.0
8795546.0 9073940.0 17845103.0
8796947.0 9075704.0 17852328.0
8795931.0 9069028.0 17844333.0
5716321.0 5895699.0 11605977.0
5717027.0 5896621.0 11611126.0
5713537.0 5899641.0 11596858.0
5710054.0 5887543.0 11599921.0
5707140.0 5897080.0 11591757.0
5710486.0 5887498.0 11596133.0
5705906.0 5892272.0 11602068.0
5719126.0 5899513.0 11610063.0
5714402.0 5903982.0 11622297.0
5719583.0 5893801.0 11605804.0
5712223.0 5892148.0 11606059.0
5710663.0 5896482.0 11604181.0
5709316.0 5893901.0 11602208.0
5711440.0 5892472.0 11593688.0
5715062.0 5895227.0 11599283.0
5711968.0 5898557.0 11606916.0
5715028.0 5893994.0 11607007.0
5720159.0 5892348.0 11602077.0
5716299.0 5895331.0 11604069.0
5711084.0 5890806.0 11599955.0
3874394.0 3996805.0 7875142.0
3876577.0 3998581.0 7876298.0
3878188.0 4002663.0 7881736.0
3875098.0 4003017.0 7880345.0
3877604.0 4002312.0 7869145.0
3877185.0 4001666.0 7879151.0
3875421.0 3997111.0 7872471.0
3870334.0 3996673.0 7877896.0
3869825.0 3997038.0 7871993.0
3872482.0 4002712.0 7876676.0
3875034.0 4003042.0 7882457.0
3879352.0 4002292.0 7879328.0
3879501.0 4001589.0 7882561.0
3879385.0 4001064.0 7875771.0
3874786.0 3997008.0 7876609.0
3875964.0 3999870.0 7873021.0
3876428.0 4000413.0 7868102.0
3873267.0 3998524.0 7872184.0
3874903.0 3999913.0 7868451.0
3872639.0 3993406.0 7875443.0
2619549.0 2705207.0 5323971.0
2619215.0 2703000.0 5319541.0
2615673.0 2701213.0 5319578.0
2619088.0 2699516.0 5320885.0
2616431.0 2703922.0 5315801.0
2616130.0 2698526.0 5321775.0
2617539.0 2703503.0 5317339.0
2619540.0 2702161.0 5322765.0
2616787.0 2706101.0 5322321.0
2620703.0 2705620.0 5324324.0
2619832.0 2704472.0 5321880.0
2617474.0 2703533.0 5322409.0
2616594.0 2707800.0 5322721.0
2616364.0 2703484.0 5321786.0
2616324.0 2699899.0 5318773.0
2615125.0 2702732.0 5318976.0
2615543.0 2703062.0 5319081.0
2617645.0 2705834.0 5325595.0
2617579.0 2704307.0 5325576.0
2619096.0 2701461.0 5325490.0
1747865.0 1808461.0 3558667.0
1746978.0 1807239.0 3558706.0
1747724.0 1809280.0 3563189.0
1750908.0 1808976.0 3565475.0
1749528.0 1810056.0 3557329.0
1750387.0 1806521.0 3560867.0
1751825.0 1810228.0 3558890.0
1748942.0 1808029.0 3553280.0
1749020.0 1806884.0 3558114.0
1746919.0 1808740.0 3559320.0
1749595.0 1809926.0 3560181.0
1749489.0 1806735.0 3560558.0
1748607.0 1809112.0 3560744.0
1748023.0 1809115.0 3558174.0
1748942.0 1808151.0 3558989.0
1749134.0 1811001.0 3558270.0
1749815.0 1805204.0 3561899.0
1747154.0 1806990.0 3556108.0
1749338.0 1807415.0 3557121.0
1747755.0 1807742.0 3559376.0
1162503.0 1202447.0 2365998.0
1161073.0 1201770.0 2365489.0
1162567.0 1203905.0 2361771.0
1159484.0 1200903.0 2362369.0
1159787.0 1201969.0 2362792.0
1160501.0 1199249.0 2364583.0
1160488.0 1201143.0 2364438.0
1161302.0 1202431.0 2366414.0
1159937.0 1202321.0 2362999.0
1161467.0 1203397.0 2365062.0
1159684.0 1200169.0 2363913.0
1161077.0 1200909.0 2365842.0
1161492.0 1202145.0 2362943.0
1159572.0 1202884.0 2363594.0
1161503.0 1200414.0 2364596.0
1161149.0 1202910.0 2362462.0
1160422.0 1202296.0 2360685.0
1160841.0 1202274.0 2364832.0
1159629.0 1201187.0 2364150.0
1157687.0 1200511.0 2364146.0
761550.0 790710.0 1556976.0
762390.0 791070.0 1557375.0
762745.0 789820.0 1554554.0
763537.0 791125.0 1555874.0
763059.0 791078.0 1556158.0
763274.0 791744.0 1554628.0
763347.0 790783.0 1554124.0
764155.0 790859.0 1556656.0
761761.0 790307.0 1555104.0
763299.0 791632.0 1557237.0
762976.0 789878.0 1555316.0
762237.0 790228.0 1558739.0
761760.0 790719.0 1554872.0
763772.0 789607.0 1555776.0
763114.0 790540.0 1555507.0
762704.0 791873.0 1558546.0
761106.0 792268.0 1554791.0
761371.0 790249.0 1557578.0
763391.0 792000.0 1557868.0
764613.0 791924.0 1553448.0
483834.0 501873.0 985169.0
484360.0 501701.0 986025.0
485332.0 500264.0 987510.0
484923.0 501614.0 986104.0
484283.0 499994.0 983435.0
484216.0 501255.0 987411.0
482629.0 500877.0 986029.0
484158.0 501121.0 985904.0
484288.0 501309.0 989102.0
484479.0 501319.0 987388.0
484450.0 501290.0 986891.0
484149.0 501329.0 988108.0
484671.0 501193.0 987385.0
484289.0 501091.0 985686.0
483469.0 500864.0 988048.0
483327.0 501534.0 986207.0
484643.0 500131.0 985959.0
484573.0 501855.0 986966.0
485260.0 470003.0 985795.0
485452.0 500608.0 988711.0
317774.0 330144.0 646265.0
317507.0 330333.0 646967.0
317136.0 329275.0 646899.0
317159.0 329765.0 647819.0
316954.0 329747.0 647624.0
316571.0 329678.0 648026.0
317558.0 329941.0 648040.0
317640.0 329606.0 647812.0
317505.0 330055.0 647740.0
316942.0 330075.0 648640.0
318253.0 330582.0 647195.0
317945.0 329904.0 647510.0
317292.0 329570.0 648879.0
317590.0 329685.0 647785.0
318142.0 329637.0 647572.0
316514.0 329668.0 647534.0
317861.0 329547.0 646561.0
317509.0 329396.0 647985.0
317526.0 329593.0 647629.0
317038.0 329159.0 647302.0
219647.0 228632.0 450429.0
220078.0 229133.0 449052.0
220339.0 228624.0 449629.0
220135.0 228755.0 449998.0
219628.0 228365.0 448828.0
220580.0 228878.0 448922.0
220158.0 228964.0 449904.0
220265.0 229339.0 450228.0
220933.0 229186.0 448352.0
219541.0 228939.0 448779.0
219619.0 228947.0 448781.0
219958.0 229192.0 450060.0
220109.0 229586.0 449359.0
219395.0 228777.0 448283.0
220002.0 229429.0 448841.0
219386.0 229263.0 449591.0
219500.0 229093.0 449732.0
219929.0 228131.0 449889.0
220295.0 229059.0 449076.0
219780.0 229019.0 447657.0
150464.0 156435.0 308053.0
150531.0 156537.0 306241.0
150358.0 156297.0 306532.0
150006.0 156506.0 307198.0
150236.0 156573.0 307264.0
151046.0 156660.0 305566.0
150507.0 156359.0 306830.0
149942.0 156975.0 307715.0
151115.0 156620.0 306934.0
150666.0 155963.0 307091.0
150748.0 156547.0 307283.0
150524.0 156355.0 306558.0
150707.0 157005.0 307776.0
150424.0 156409.0 306171.0
150446.0 156122.0 307024.0
150476.0 156328.0 305852.0
150007.0 156108.0 307190.0
149892.0 157073.0 307102.0
150732.0 156445.0 306631.0
150372.0 156106.0 306950.0
94187.0 97033.0 191152.0
93907.0 97692.0 190713.0
93464.0 97604.0 191531.0
93898.0 97482.0 190210.0
93390.0 97963.0 190419.0
94013.0 98047.0 191238.0
93959.0 97589.0 190983.0
93414.0 97439.0 191478.0
93944.0 97378.0 191351.0
93373.0 97811.0 190909.0
93702.0 97680.0 190968.0
93829.0 96886.0 191834.0
93449.0 98059.0 191978.0
93838.0 97130.0 190884.0
93350.0 97545.0 191082.0
93491.0 97517.0 191129.0
93651.0 97524.0 191025.0
93459.0 97988.0 191598.0
93188.0 97598.0 190632.0
93667.0 97418.0 191275.0
61798.0 64994.0 126233.0
61573.0 64599.0 126737.0
61867.0 64626.0 126243.0
61402.0 64733.0 126575.0
61663.0 64658.0 126318.0
61742.0 64820.0 113715.0
61793.0 64480.0 126563.0
62091.0 64850.0 126762.0
62151.0 64753.0 125733.0
61844.0 56900.0 126231.0
62007.0 64455.0 126128.0
61697.0 56125.0 125817.0
61744.0 64762.0 126637.0
62137.0 64825.0 126401.0
61924.0 64797.0 126974.0
62115.0 64613.0 126311.0
62241.0 64570.0 126328.0
61714.0 65400.0 126867.0
62362.0 65248.0 125877.0
62309.0 65139.0 127101.0
44077.0 46494.0 90529.0
44118.0 46301.0 90302.0
44015.0 46638.0 90809.0
44317.0 46144.0 90450.0
44093.0 45988.0 89833.0
44407.0 46290.0 90312.0
44225.0 46102.0 90526.0
44163.0 46078.0 90264.0
43924.0 46396.0 91244.0
44202.0 44444.0 87144.0
44227.0 46390.0 90214.0
44294.0 46363.0 90097.0
43890.0 46393.0 90816.0
44436.0 45796.0 90117.0
44266.0 45901.0 90329.0
44569.0 45745.0 90587.0
44143.0 46316.0 90766.0
44166.0 45980.0 89909.0
44079.0 46223.0 90313.0
43995.0 45903.0 89499.0
28221.0 29633.0 57737.0
28444.0 29546.0 57644.0
28215.0 29873.0 57755.0
28436.0 29642.0 58109.0
28356.0 29785.0 57359.0
28391.0 29525.0 57583.0
28237.0 29856.0 57932.0
27772.0 29765.0 57705.0
28105.0 30208.0 57797.0
27861.0 29813.0 57252.0
28250.0 29513.0 57434.0
28268.0 29376.0 57613.0
28171.0 29299.0 57264.0
28316.0 29601.0 57234.0
28242.0 29508.0 58171.0
28219.0 30184.0 58130.0
28671.0 29775.0 58141.0
28774.0 30011.0 58173.0
28670.0 30089.0 55346.0
26359.0 30343.0 58380.0
17423.0 18660.0 36301.0
17732.0 18614.0 36302.0
17597.0 18538.0 35969.0
17620.0 18545.0 36308.0
17721.0 18648.0 36276.0
17430.0 18607.0 36409.0
17522.0 18560.0 36141.0
17587.0 18594.0 36168.0
17475.0 18522.0 35921.0
17676.0 18731.0 35883.0
17807.0 18689.0 35795.0
17624.0 18764.0 36435.0
17684.0 19080.0 36474.0
17592.0 18487.0 35950.0
17399.0 18447.0 36243.0
17459.0 18681.0 36267.0
17587.0 18676.0 36179.0
17781.0 18559.0 36299.0
17683.0 18340.0 36348.0
17755.0 18906.0 35953.0
12038.0 12780.0 24730.0
12320.0 12900.0 24749.0
12111.0 12777.0 24758.0
12058.0 12614.0 24849.0
12083.0 12835.0 24856.0
12156.0 12561.0 24665.0
12084.0 12621.0 24583.0
12033.0 12721.0 24809.0
12118.0 12837.0 24576.0
12202.0 12738.0 24912.0
12241.0 12809.0 25173.0
11937.0 12774.0 24475.0
12000.0 12769.0 25062.0
12026.0 13015.0 24451.0
12210.0 12680.0 24714.0
12174.0 12649.0 24621.0
12385.0 12764.0 24537.0
12041.0 12764.0 24646.0
12017.0 12778.0 24486.0
12075.0 12831.0 24750.0
8162.0 8543.0 16370.0
8208.0 8608.0 16528.0
8047.0 8502.0 16552.0
8213.0 8532.0 16432.0
8185.0 8395.0 16748.0
7994.0 8570.0 16522.0
8081.0 8439.0 16445.0
8067.0 9095.0 16530.0
7960.0 8618.0 16404.0
8068.0 8597.0 16210.0
7988.0 8341.0 16454.0
7927.0 8431.0 16908.0
7959.0 8540.0 14994.0
8135.0 8634.0 16619.0
8061.0 8564.0 16474.0
8015.0 8578.0 16568.0
7966.0 8540.0 16436.0
7944.0 8240.0 16401.0
7616.0 8579.0 16550.0
8141.0 8709.0 16447.0
5877.0 6252.0 12118.0
5980.0 6152.0 12084.0
5874.0 6231.0 12017.0
5903.0 6306.0 12149.0
5897.0 6379.0 11036.0
5953.0 6305.0 12003.0
5841.0 6297.0 12017.0
5840.0 6169.0 11876.0
6022.0 6277.0 11959.0
5814.0 6179.0 12066.0
5931.0 6207.0 11987.0
5972.0 6269.0 11900.0
6492.0 6362.0 11880.0
5897.0 6175.0 11898.0
5841.0 6313.0 12033.0
5950.0 6274.0 11920.0
5835.0 6264.0 12171.0
5998.0 6291.0 11893.0
5917.0 6409.0 12070.0
5856.0 6290.0 11918.0
3953.0 4130.0 7804.0
3864.0 4104.0 7795.0
3909.0 4056.0 7803.0
3779.0 4000.0 7780.0
3959.0 4223.0 7737.0
3815.0 4013.0 7741.0
3961.0 4056.0 7701.0
3903.0 4071.0 7692.0
3868.0 3963.0 7784.0
3872.0 4117.0 7870.0
3939.0 4170.0 7815.0
3740.0 4176.0 7824.0
3803.0 4094.0 7730.0
4135.0 4170.0 7763.0
3933.0 4061.0 7712.0
3683.0 4112.0 7750.0
3973.0 4139.0 7633.0
3793.0 4238.0 7713.0
3772.0 4158.0 7687.0
3836.0 4190.0 7856.0
2389.0 2618.0 4775.0
2417.0 2619.0 4844.0
2443.0 2611.0 4657.0
2433.0 3094.0 4816.0
2358.0 2595.0 4969.0
2429.0 2650.0 4806.0
2453.0 2598.0 4867.0
2416.0 2542.0 4907.0
2465.0 2553.0 4833.0
2454.0 2540.0 4768.0
2431.0 2531.0 4805.0
2330.0 2614.0 4885.0
2401.0 2584.0 4891.0
2364.0 2633.0 4945.0
2419.0 2630.0 5011.0
2379.0 2588.0 4741.0
2446.0 2601.0 4942.0
2400.0 2547.0 4752.0
2452.0 2626.0 5001.0
2437.0 2645.0 4875.0
1696.0 1818.0 3311.0
1726.0 1857.0 3286.0
1737.0 1789.0 3326.0
1745.0 1764.0 3311.0
1602.0 1855.0 3276.0
1672.0 1849.0 3402.0
1696.0 1766.0 3340.0
1651.0 1789.0 3309.0
1685.0 1830.0 3314.0
1645.0 1846.0 3326.0
1628.0 1892.0 3412.0
1638.0 1822.0 3350.0
1681.0 1823.0 3276.0
1657.0 1770.0 3435.0
1736.0 1827.0 3207.0
1618.0 1833.0 3432.0
1688.0 1762.0 3378.0
1695.0 1844.0 3306.0
1722.0 1813.0 3434.0
1690.0 1889.0 3283.0
