5000326.0 5141551.0 5624811.0
5008089.0 5269747.0 5729561.0
5173096.0 5224632.0 5559629.0
5123918.0 5499768.0 6042591.0
5542059.0 5674298.0 6086638.0
5552106.0 5362177.0 6103316.0
5617372.0 5573432.0 6234716.0
5801432.0 5755946.0 6256775.0
5629184.0 5866264.0 6260351.0
5615739.0 5772573.0 6223776.0
6033066.0 5674598.0 6214848.0
5945538.0 5951016.0 6404769.0
5697933.0 5778061.0 6417471.0
5767409.0 5735745.0 6241124.0
5934458.0 5540881.0 6322609.0
6115503.0 5860567.0 6471216.0
5906522.0 5734713.0 6441796.0
5953823.0 5705869.0 6358925.0
5669303.0 5747588.0 6419459.0
5644094.0 5595398.0 6528151.0
13404312.0 8473625.0 5560020.0
11124081.0 13081911.0 5934783.0
10328673.0 12289052.0 5602840.0
12845744.0 11998474.0 6012745.0
11351644.0 10265985.0 5456353.0
11571200.0 10419433.0 5385924.0
12675345.0 12616403.0 5845357.0
11074022.0 13128644.0 5859786.0
12986488.0 14584465.0 6047741.0
10499394.0 13215665.0 5072699.0
10691646.0 12134456.0 5259503.0
12924671.0 14586209.0 5697615.0
17915047.0 16143022.0 5689848.0
15779069.0 10362387.0 5560256.0
12585212.0 9905656.0 5684594.0
9366000.0 10187007.0 5624076.0
14471482.0 11894827.0 5562474.0
12509105.0 10713525.0 5648370.0
14683840.0 14789591.0 6083172.0
11147778.0 14725551.0 5641052.0
34246804.0 27116980.0 10964764.0
26479437.0 26983456.0 12725186.0
28897963.0 30956422.0 9328385.0
34708983.0 28511601.0 9928418.0
32108194.0 26629256.0 11814222.0
26468221.0 24486220.0 11499505.0
29630462.0 16879704.0 9533167.0
31197629.0 28710387.0 13488603.0
29211083.0 34150373.0 10675427.0
30506419.0 32393439.0 13793091.0
30194649.0 23846008.0 12914515.0
23497822.0 35309111.0 15265320.0
27581580.0 29217414.0 12138342.0
25538768.0 21509968.0 10148315.0
28552156.0 29958211.0 9878754.0
26997541.0 26019820.0 9191862.0
27019762.0 32588484.0 8252277.0
26019704.0 20656732.0 6001275.0
20054027.0 20716665.0 7003412.0
20568899.0 16278026.0 5518550.0
17536557.0 17278241.0 18996612.0
15173497.0 15717903.0 17741309.0
14829359.0 17182128.0 19886280.0
18363571.0 15689617.0 21770546.0
16203053.0 13476839.0 18655128.0
15749911.0 19282750.0 16630677.0
11543305.0 16712973.0 22579903.0
14299884.0 14442119.0 18694035.0
16525944.0 15545635.0 18758692.0
15724639.0 15933967.0 20190439.0
13799748.0 16447317.0 22980754.0
15370380.0 16842291.0 28395800.0
16607344.0 17035024.0 24229738.0
15282204.0 17370770.0 16206049.0
17249999.0 15668856.0 21382502.0
18279304.0 15993070.0 16311536.0
15245727.0 15268702.0 15620880.0
16841496.0 13043753.0 21908426.0
16965777.0 13709390.0 14573306.0
16399912.0 16525826.0 21493917.0
9499388.0 9076272.0 17112437.0
8741021.0 8504483.0 13975771.0
9499905.0 8953737.0 14367364.0
8808632.0 9499918.0 14040919.0
8833719.0 9489816.0 15765259.0
8471436.0 8766047.0 15962859.0
9073920.0 8508888.0 17507512.0
9087514.0 8446891.0 18884801.0
9489080.0 8951336.0 12426019.0
8939884.0 8229864.0 15457827.0
8820804.0 8855296.0 15358915.0
7853232.0 8404422.0 17755124.0
8508642.0 8800594.0 14644004.0
9347658.0 9116424.0 17730506.0
9090704.0 8169009.0 17623079.0
7591373.0 8412686.0 15727144.0
8368041.0 8003338.0 16834218.0
8375669.0 8291411.0 17806828.0
9032831.0 8815014.0 15224069.0
8087576.0 8388626.0 15239706.0
4226912.0 4406111.0 9007136.0
4893947.0 4223379.0 8345562.0
4900404.0 4675292.0 9728143.0
4888287.0 4657190.0 9007831.0
4890545.0 4888148.0 8573741.0
4891668.0 4550792.0 8648248.0
4555461.0 4326439.0 8783001.0
4891912.0 4179207.0 8747933.0
4264146.0 3898148.0 9016757.0
4685626.0 4882692.0 9200730.0
4553988.0 4888412.0 9727827.0
4896432.0 4600187.0 8445719.0
4894827.0 4883678.0 8843069.0
4889082.0 4564920.0 8531100.0
4528350.0 4684045.0 9724729.0
4169987.0 4880282.0 7416731.0
4889620.0 4717031.0 8923025.0
4889860.0 4885693.0 9071347.0
4434633.0 4682103.0 8765205.0
4892504.0 4883917.0 9303383.0
2392510.0 2227705.0 4449712.0
2398438.0 2252386.0 4744278.0
2100726.0 2280711.0 4744074.0
2398768.0 2058188.0 4027628.0
2246962.0 2397431.0 4385610.0
2391188.0 2394784.0 4742593.0
2097372.0 2161094.0 4738666.0
2222571.0 2265747.0 4750535.0
2404644.0 2185838.0 4471629.0
2394269.0 2149303.0 4516782.0
2393138.0 2277446.0 4526370.0
2392044.0 2292258.0 4532041.0
2393984.0 2393777.0 4229177.0
2394867.0 2395467.0 4739539.0
2302683.0 2259583.0 4493104.0
2396008.0 2267128.0 4476593.0
2215668.0 2070803.0 4485002.0
2390780.0 2292085.0 3852498.0
2393290.0 2250611.0 4743147.0
2053620.0 2255780.0 4143341.0
1113721.0 1147352.0 2430015.0
931074.0 1242347.0 2300123.0
1121953.0 1242249.0 2438157.0
1194934.0 1111700.0 2271860.0
1240108.0 1102407.0 2434476.0
1242475.0 1241742.0 2435471.0
1246278.0 1238195.0 2429596.0
1234686.0 1143873.0 2428518.0
1239466.0 1087202.0 2436627.0
1244425.0 1190241.0 2273632.0
1201861.0 1078528.0 2434106.0
1247610.0 1184320.0 2127816.0
1244824.0 1157230.0 2427409.0
1231875.0 1145182.0 2428322.0
1191072.0 1148274.0 2429716.0
1179552.0 1085692.0 2266674.0
1244697.0 1240052.0 2432083.0
1250144.0 1170892.0 2432844.0
1197406.0 1237665.0 2164526.0
1166765.0 1155069.0 2352635.0
619388.0 660219.0 1275058.0
659898.0 626226.0 1269592.0
667089.0 617062.0 1195934.0
603926.0 614018.0 1269135.0
589514.0 660095.0 1218640.0
663047.0 658789.0 1266895.0
576033.0 634662.0 1271116.0
662709.0 619022.0 1271564.0
661318.0 618973.0 1273474.0
570261.0 654023.0 1191753.0
623854.0 633043.0 1267131.0
656623.0 654987.0 1269617.0
628477.0 586551.0 1205405.0
659857.0 659227.0 1271162.0
612294.0 658894.0 1275613.0
665762.0 632346.0 1275748.0
630972.0 628230.0 1119359.0
659080.0 657059.0 1271606.0
664308.0 656888.0 1271017.0
627285.0 584122.0 1263982.0
295741.0 340257.0 603772.0
336536.0 332726.0 588519.0
337657.0 340446.0 561378.0
325173.0 317619.0 627758.0
341495.0 340552.0 599135.0
326077.0 339507.0 547161.0
319816.0 343674.0 586241.0
318817.0 316718.0 592163.0
303352.0 322317.0 567240.0
322956.0 317606.0 629447.0
305672.0 321755.0 569166.0
297395.0 344591.0 586713.0
301854.0 345733.0 564299.0
314944.0 343336.0 627361.0
314812.0 316843.0 627289.0
334819.0 306485.0 623186.0
334929.0 339164.0 605170.0
326567.0 340375.0 631408.0
336284.0 337189.0 581857.0
334994.0 317047.0 627386.0
200086.0 197236.0 347503.0
186213.0 187273.0 328531.0
197562.0 203807.0 327121.0
183001.0 199892.0 349390.0
199602.0 198844.0 349993.0
191060.0 192089.0 348743.0
195096.0 189105.0 323087.0
194165.0 189443.0 346554.0
197033.0 190570.0 329206.0
194872.0 183892.0 332688.0
200456.0 202395.0 315945.0
178876.0 204208.0 337227.0
200801.0 185431.0 350342.0
199323.0 197211.0 318953.0
195028.0 180759.0 346017.0
194504.0 192293.0 318254.0
185024.0 184464.0 332747.0
196604.0 166438.0 335700.0
207260.0 195637.0 320186.0
184738.0 190671.0 311893.0
112804.0 121767.0 192933.0
118874.0 111741.0 189151.0
120348.0 115765.0 198002.0
118234.0 111884.0 191826.0
99240.0 119667.0 188978.0
102620.0 122141.0 192981.0
124036.0 122508.0 190576.0
117067.0 117287.0 189874.0
111563.0 115120.0 191684.0
112784.0 115407.0 184885.0
117936.0 113262.0 183832.0
121278.0 119169.0 190310.0
112540.0 116306.0 188485.0
118768.0 105285.0 180781.0
118105.0 113239.0 179414.0
118937.0 108678.0 191129.0
120105.0 121148.0 190229.0
115863.0 113057.0 178566.0
121693.0 119638.0 163243.0
120164.0 120221.0 192381.0
84435.0 84519.0 117497.0
82705.0 78983.0 123737.0
84158.0 79955.0 123614.0
86241.0 88271.0 124820.0
80956.0 86255.0 130845.0
88865.0 77169.0 116882.0
83122.0 81717.0 121302.0
82849.0 80985.0 123642.0
82286.0 82600.0 118322.0
81558.0 79847.0 123938.0
84975.0 85435.0 112479.0
87272.0 86847.0 119803.0
83949.0 79785.0 121784.0
77615.0 81407.0 115114.0
83343.0 80318.0 120868.0
79593.0 83712.0 124341.0
85015.0 84468.0 116390.0
76029.0 83101.0 119394.0
79448.0 81568.0 120471.0
82045.0 77624.0 105101.0
65064.0 67365.0 85527.0
65212.0 69653.0 86039.0
63862.0 60644.0 83903.0
61095.0 61893.0 78393.0
63625.0 63445.0 82002.0
63612.0 70018.0 83234.0
62735.0 68279.0 85562.0
69943.0 72547.0 89510.0
73302.0 69481.0 82894.0
65166.0 67470.0 81999.0
68069.0 67831.0 83162.0
69530.0 62747.0 89627.0
72609.0 71696.0 82421.0
66259.0 68285.0 81932.0
70812.0 59904.0 86879.0
64845.0 67832.0 85667.0
67050.0 62632.0 79011.0
65386.0 61769.0 79097.0
69312.0 67819.0 86964.0
64705.0 61101.0 81254.0
54575.0 56098.0 65772.0
54354.0 54632.0 63473.0
50097.0 58852.0 67829.0
55973.0 47657.0 71099.0
49852.0 64106.0 71139.0
59469.0 60915.0 65667.0
57166.0 62128.0 70880.0
54608.0 58625.0 68008.0
59906.0 58319.0 63160.0
55359.0 56822.0 51660.0
54745.0 59385.0 68107.0
57481.0 50830.0 65175.0
51583.0 54461.0 63511.0
55766.0 56882.0 60116.0
50100.0 54551.0 62366.0
57091.0 51570.0 58159.0
52318.0 51834.0 54312.0
56129.0 57342.0 60786.0
49977.0 46907.0 62412.0
53871.0 51417.0 64247.0
49971.0 50297.0 51695.0
53259.0 47133.0 54212.0
53450.0 54837.0 54122.0
42801.0 45896.0 52105.0
53955.0 50837.0 58050.0
51471.0 50624.0 50712.0
47701.0 54427.0 55992.0
48626.0 54422.0 58243.0
49238.0 54122.0 59134.0
49366.0 55946.0 61390.0
56396.0 52991.0 67423.0
61503.0 60933.0 58296.0
51240.0 55251.0 53615.0
52830.0 49752.0 57431.0
52080.0 52359.0 55375.0
53099.0 50893.0 59371.0
48424.0 57988.0 59176.0
51295.0 53011.0 54726.0
48327.0 50984.0 58730.0
52409.0 52134.0 57336.0
50979.0 50272.0 48993.0
46238.0 49797.0 51293.0
50107.0 51754.0 53369.0
51176.0 47938.0 56417.0
47390.0 52306.0 59013.0
51067.0 56882.0 53481.0
44860.0 49497.0 50876.0
46367.0 49083.0 46931.0
45822.0 46372.0 53561.0
48091.0 50879.0 50412.0
48495.0 54072.0 53077.0
52600.0 52626.0 55020.0
50733.0 49027.0 51331.0
52369.0 50980.0 56322.0
52644.0 50068.0 53095.0
50532.0 48248.0 49441.0
45683.0 52159.0 50881.0
49636.0 50488.0 52081.0
49873.0 49387.0 46245.0
50559.0 49838.0 51669.0
50402.0 48579.0 57811.0
47260.0 51404.0 50702.0
54113.0 50083.0 43389.0
46464.0 50514.0 50372.0
48276.0 47974.0 48850.0
45228.0 49239.0 47456.0
50583.0 48239.0 51019.0
47929.0 47774.0 47823.0
44401.0 53166.0 49601.0
52613.0 55667.0 48695.0
44889.0 47567.0 50059.0
49540.0 49089.0 52770.0
47770.0 49038.0 49220.0
44220.0 49702.0 49484.0
49387.0 47975.0 50282.0
46377.0 51300.0 57942.0
47951.0 44725.0 54583.0
50903.0 54272.0 51609.0
52778.0 49428.0 46417.0
52214.0 51824.0 53309.0
47949.0 49052.0 48696.0
50014.0 51584.0 45234.0
54958.0 56277.0 51403.0
51588.0 50033.0 49413.0
49186.0 49823.0 52612.0
52769.0 55997.0 54681.0
51614.0 52418.0 47491.0
48236.0 52473.0 52375.0
53000.0 52719.0 52890.0
58663.0 42564.0 42975.0
45825.0 50449.0 47743.0
51128.0 50480.0 50836.0
48225.0 48957.0 47601.0
50300.0 53697.0 61275.0
48415.0 48018.0 53285.0
49903.0 53880.0 49050.0
53895.0 52280.0 46717.0
53970.0 52399.0 46555.0
47666.0 53651.0 48348.0
52234.0 55418.0 52919.0
50793.0 52298.0 52404.0
51093.0 49136.0 46613.0
47578.0 42817.0 53127.0
51918.0 49380.0 47350.0
52764.0 39992.0 52507.0
43871.0 55361.0 58542.0
55284.0 54149.0 57273.0
51371.0 57624.0 59380.0
55252.0 54778.0 49660.0
53585.0 51629.0 53067.0
54000.0 58116.0 52586.0
56275.0 49856.0 51019.0
49906.0 55031.0 55859.0
51629.0 49618.0 52310.0
53049.0 52737.0 53427.0
50326.0 54307.0 52216.0
48626.0 47582.0 58918.0
56335.0 52945.0 45671.0
51321.0 51537.0 57410.0
51311.0 51961.0 56461.0
53841.0 47326.0 53101.0
46988.0 55705.0 51508.0
50182.0 51669.0 60029.0
52434.0 47816.0 53486.0
50069.0 55353.0 46893.0
46965.0 51515.0 48431.0
51056.0 56847.0 47943.0
46370.0 54601.0 50091.0
51868.0 48266.0 42694.0
46254.0 49125.0 47106.0
50748.0 48015.0 49824.0
49356.0 53990.0 49566.0
47963.0 49920.0 54758.0
53125.0 56678.0 52603.0
50767.0 55703.0 54591.0
52964.0 53783.0 46320.0
47042.0 51698.0 58582.0
53259.0 60786.0 56386.0
53000.0 53799.0 52198.0
56098.0 52441.0 49738.0
53901.0 52304.0 58422.0
49175.0 55559.0 58655.0
58730.0 56051.0 59372.0
55179.0 50621.0 51517.0
50957.0 49361.0 46165.0
50975.0 51249.0 50122.0
52032.0 51902.0 56766.0
57121.0 56244.0 47807.0
51718.0 59322.0 53879.0
47555.0 59196.0 51813.0
49182.0 49066.0 48290.0
51207.0 42880.0 45078.0
51914.0 49204.0 46343.0
49890.0 55486.0 55891.0
56513.0 52412.0 46419.0
58001.0 57610.0 55799.0
59903.0 48288.0 58095.0
55107.0 55135.0 53895.0
54054.0 53776.0 52381.0
48300.0 53952.0 52399.0
