13302444.0 13912039.0 15750816.0
13305054.0 13911406.0 15751291.0
13301208.0 13913797.0 15749868.0
13308309.0 13920217.0 15752835.0
13307334.0 13920183.0 15748609.0
13301369.0 13919936.0 15756012.0
13302295.0 13922939.0 15754978.0
13300495.0 13927169.0 15758043.0
13303586.0 13928386.0 15753059.0
13299181.0 13926368.0 15754602.0
13303678.0 13934418.0 15753591.0
13299981.0 13935681.0 15757812.0
13295462.0 13938519.0 15760649.0
13298717.0 13940083.0 15757064.0
13299157.0 13942387.0 15760684.0
13299874.0 13943532.0 15756556.0
13302762.0 13945459.0 15760512.0
13297141.0 13948972.0 15759114.0
13299261.0 13950558.0 15755178.0
13300093.0 13951412.0 15757714.0
13296064.0 13954582.0 15755799.0
13296983.0 13954820.0 15758378.0
13298357.0 13958263.0 15758560.0
13297373.0 13963920.0 15764598.0
13300187.0 13961340.0 15760071.0
13298876.0 13960546.0 15759558.0
13294104.0 13964997.0 15757896.0
13291364.0 13967423.0 15759280.0
13298463.0 13965110.0 15761466.0
13296678.0 13973043.0 15760213.0
9188261.0 9941848.0 12653884.0
9187121.0 9947763.0 12653084.0
9188368.0 9946841.0 12654926.0
9186734.0 9950486.0 12654540.0
9190611.0 9951117.0 12658195.0
9195092.0 9957400.0 12661982.0
9192422.0 9955354.0 12660507.0
9190914.0 9960952.0 12659641.0
9192713.0 9963868.0 12661396.0
9189031.0 9965996.0 12661901.0
9186432.0 9962220.0 12662423.0
9188604.0 9965203.0 12666049.0
9189082.0 9969608.0 12668194.0
9188893.0 9975878.0 12668192.0
9188646.0 9974290.0 12666167.0
9191326.0 9978884.0 12670227.0
9188750.0 9972012.0 12670588.0
9187816.0 9973595.0 12671053.0
9189439.0 9979146.0 12672309.0
9193161.0 9981905.0 12667288.0
9186277.0 9977840.0 12673516.0
9187989.0 9985424.0 12672425.0
9188192.0 9988030.0 12671700.0
9189911.0 9986545.0 12672483.0
9193215.0 9991487.0 12676217.0
9190773.0 9987042.0 12671519.0
9185068.0 9989521.0 12675175.0
9188884.0 9997326.0 12679034.0
9190522.0 9998120.0 12680866.0
9187908.0 9996949.0 12677025.0
6811817.0 7525907.0 10105703.0
6813768.0 7529027.0 10106781.0
6807496.0 7529338.0 10108715.0
6808886.0 7532137.0 10108058.0
6809080.0 7530666.0 10105532.0
6809321.0 7535788.0 10110790.0
6810203.0 7541113.0 10114284.0
6812616.0 7539357.0 10112359.0
6806215.0 7537979.0 10111230.0
6805082.0 7541160.0 10116921.0
6811255.0 7543312.0 10113925.0
6802994.0 7543158.0 10114444.0
6805395.0 7545913.0 10113272.0
6806882.0 7547056.0 10116734.0
6804952.0 7547780.0 10114446.0
6805440.0 7547070.0 10118169.0
6806351.0 7551035.0 10115664.0
6804131.0 7551454.0 10114706.0
6807174.0 7549226.0 10120435.0
6809534.0 7554938.0 10120488.0
6805138.0 7556605.0 10118766.0
6803967.0 7556514.0 10120448.0
6801288.0 7559461.0 10121855.0
6805479.0 7557502.0 10120820.0
6803046.0 7557963.0 10122495.0
6804390.0 7563067.0 10121380.0
6800489.0 7565742.0 10120451.0
6796209.0 7559804.0 10121008.0
6802537.0 7565151.0 10122010.0
6805199.0 7565867.0 10124788.0
5161177.0 5813843.0 8102442.0
5164331.0 5815225.0 8105055.0
5165133.0 5823092.0 8106961.0
5163107.0 5819469.0 8111778.0
5163642.0 5822152.0 8107724.0
5165785.0 5820801.0 8106681.0
5162985.0 5820372.0 8109132.0
5165705.0 5820719.0 8105054.0
5159410.0 5822272.0 8106686.0
5162525.0 5824928.0 8107319.0
5159418.0 5821100.0 8107931.0
5161476.0 5824215.0 8107172.0
5159324.0 5821752.0 8106790.0
5163170.0 5824531.0 8105806.0
5164498.0 5826771.0 8110730.0
5163228.0 5826076.0 8111314.0
5163681.0 5826391.0 8110575.0
5163510.0 5830608.0 8111846.0
5159631.0 5830138.0 8113592.0
5160413.0 5832813.0 8113725.0
5162105.0 5834305.0 8116433.0
5164497.0 5828415.0 8115088.0
5161725.0 5833939.0 8114192.0
5164933.0 5839814.0 8117867.0
5161348.0 5835459.0 8120347.0
5164001.0 5836116.0 8117714.0
5164020.0 5841805.0 8120654.0
5161781.0 5847318.0 8127940.0
5162034.0 5846710.0 8123863.0
5156014.0 5854640.0 8126500.0
3933062.0 4513176.0 6482204.0
3931876.0 4516027.0 6483746.0
3936989.0 4517001.0 6482960.0
3931746.0 4516211.0 6487919.0
3933324.0 4518835.0 6485839.0
3935086.0 4520531.0 6486482.0
3933333.0 4520645.0 6485179.0
3933682.0 4524571.0 6488714.0
3928872.0 4521298.0 6488916.0
3931724.0 4527993.0 6490977.0
3932185.0 4524555.0 6485850.0
3931144.0 4525392.0 6490310.0
3929497.0 4525086.0 6491574.0
3927252.0 4524138.0 6488029.0
3929736.0 4529669.0 6483825.0
3928456.0 4525066.0 6488100.0
3932993.0 4525438.0 6486531.0
3930713.0 4526458.0 6488465.0
3927099.0 4524885.0 6489237.0
3927895.0 4527032.0 6488832.0
3928717.0 4524971.0 6487925.0
3930526.0 4526089.0 6488850.0
3929827.0 4530517.0 6488754.0
3930997.0 4530051.0 6490648.0
3930096.0 4527019.0 6492397.0
3928841.0 4525671.0 6489792.0
3929445.0 4526723.0 6488397.0
3932012.0 4528767.0 6489709.0
3933323.0 4526991.0 6492084.0
3933943.0 4530077.0 6489014.0
2998624.0 3490712.0 5162525.0
2997701.0 3490463.0 5158149.0
2996735.0 3489783.0 5157553.0
2998348.0 3490830.0 5158768.0
2997076.0 3492300.0 5161589.0
2998764.0 3491709.0 5159012.0
2999155.0 3491009.0 5156876.0
3000918.0 3492657.0 5162237.0
2995906.0 3491881.0 5156054.0
2997361.0 3489223.0 5159567.0
2998075.0 3494492.0 5162981.0
2996355.0 3492292.0 5162813.0
2994698.0 3489985.0 5159921.0
2998197.0 3491809.0 5160592.0
3002006.0 3492989.0 5157698.0
2998365.0 3491530.0 5163662.0
2996814.0 3491502.0 5162175.0
3000932.0 3491491.0 5157588.0
2995929.0 3489664.0 5159171.0
2997804.0 3490521.0 5160734.0
2998730.0 3491495.0 5159888.0
3001802.0 3489219.0 5157156.0
2996796.0 3489110.0 5156072.0
3000604.0 3487369.0 5160428.0
3000313.0 3489842.0 5160985.0
3001521.0 3490782.0 5159734.0
2996826.0 3486387.0 5160688.0
3000164.0 3493142.0 5158703.0
2997020.0 3489484.0 5161430.0
3003159.0 3489215.0 5156467.0
2357745.0 2763967.0 4194775.0
2358725.0 2766118.0 4193878.0
2357281.0 2766062.0 4194450.0
2357637.0 2763955.0 4196823.0
2355351.0 2768582.0 4192418.0
2358776.0 2765594.0 4191417.0
2358015.0 2769941.0 4194267.0
2356750.0 2766198.0 4194346.0
2355773.0 2763889.0 4194922.0
2357063.0 2769099.0 4190072.0
2355205.0 2764664.0 4187909.0
2355000.0 2763560.0 4192206.0
2357897.0 2768008.0 4196959.0
2357403.0 2767419.0 4194762.0
2357535.0 2764158.0 4193036.0
2356316.0 2764338.0 4193259.0
2355995.0 2762697.0 4190642.0
2359124.0 2768434.0 4193070.0
2355528.0 2767597.0 4192785.0
2356559.0 2764183.0 4191545.0
2354855.0 2762814.0 4192281.0
2357453.0 2765249.0 4189319.0
2358094.0 2765695.0 4192733.0
2359524.0 2766308.0 4194245.0
2360269.0 2766972.0 4193283.0
2355468.0 2763770.0 4193501.0
2359716.0 2764898.0 4196582.0
2356943.0 2766655.0 4195027.0
2357398.0 2764922.0 4193932.0
2360417.0 2766438.0 4195241.0
1817684.0 2148006.0 3340189.0
1818517.0 2149236.0 3339596.0
1816668.0 2148465.0 3340869.0
1816209.0 2147572.0 3340599.0
1815320.0 2148944.0 3340828.0
1815744.0 2150889.0 3342326.0
1814658.0 2149192.0 3341708.0
1816317.0 2148145.0 3339159.0
1817915.0 2149288.0 3340102.0
1819008.0 2147473.0 3341622.0
1817438.0 2150202.0 3341598.0
1818196.0 2149807.0 3340261.0
1815827.0 2147898.0 3341185.0
1816977.0 2146239.0 3341507.0
1817232.0 2147780.0 3339624.0
1816830.0 2147731.0 3342596.0
1817672.0 2149415.0 3342101.0
1818123.0 2147878.0 3343227.0
1819218.0 2147597.0 3340946.0
1820289.0 2147054.0 3340559.0
1816280.0 2146788.0 3341375.0
1817199.0 2148898.0 3338294.0
1817003.0 2147778.0 3344716.0
1818071.0 2150344.0 3342171.0
1817384.0 2150485.0 3340408.0
1816879.0 2151014.0 3341072.0
1816466.0 2148619.0 3342638.0
1817485.0 2145823.0 3343437.0
1816264.0 2147229.0 3341187.0
1817499.0 2147516.0 3338695.0
1429603.0 1701805.0 2702582.0
1429588.0 1702007.0 2701187.0
1428898.0 1700728.0 2702074.0
1429452.0 1701996.0 2701280.0
1429088.0 1701009.0 2700705.0
1428429.0 1700959.0 2702804.0
1428419.0 1702443.0 2703929.0
1428330.0 1703114.0 2702226.0
1427703.0 1699797.0 2702494.0
1429575.0 1700494.0 2702477.0
1427261.0 1703745.0 2704937.0
1429314.0 1700022.0 2702864.0
1430573.0 1701080.0 2704348.0
1430420.0 1703071.0 2703247.0
1428922.0 1700665.0 2702217.0
1428752.0 1701985.0 2704545.0
1428276.0 1702002.0 2703558.0
1431403.0 1699178.0 2701507.0
1429999.0 1699718.0 2704292.0
1430119.0 1700997.0 2703429.0
1430381.0 1700976.0 2703210.0
1428750.0 1700703.0 2703298.0
1430892.0 1701869.0 2700682.0
1430170.0 1701698.0 2702499.0
1426941.0 1699855.0 2701613.0
1430002.0 1701224.0 2700548.0
1429145.0 1699325.0 2701822.0
1429996.0 1700586.0 2702557.0
1429092.0 1700607.0 2704954.0
1429098.0 1701309.0 2703464.0
1108970.0 1329131.0 2157023.0
1108783.0 1331290.0 2159081.0
1110055.0 1329034.0 2155101.0
1108453.0 1326139.0 2155417.0
1110882.0 1325303.0 2154372.0
1109420.0 1329615.0 2155456.0
1108647.0 1326480.0 2155108.0
1112012.0 1328797.0 2159095.0
1111690.0 1326419.0 2154052.0
1112240.0 1328487.0 2155356.0
1111636.0 1329054.0 2157914.0
1109441.0 1327121.0 2155358.0
1110731.0 1328188.0 2154003.0
1111864.0 1327286.0 2155795.0
1111010.0 1327701.0 2155884.0
1112403.0 1324935.0 2154433.0
1110866.0 1328494.0 2155308.0
1110517.0 1327993.0 2155034.0
1110291.0 1327042.0 2155718.0
1109665.0 1327487.0 2153057.0
1110947.0 1326958.0 2155524.0
1112170.0 1327862.0 2155099.0
1110031.0 1327867.0 2155187.0
1111747.0 1324495.0 2154849.0
1109907.0 1326407.0 2154329.0
1110818.0 1326446.0 2153554.0
1110420.0 1327716.0 2155508.0
1109930.0 1328080.0 2155189.0
1110463.0 1327156.0 2153907.0
1110296.0 1326535.0 2153919.0
852783.0 1022800.0 1694421.0
852960.0 1022202.0 1692774.0
852506.0 1022581.0 1693041.0
852632.0 1021479.0 1694121.0
851852.0 1023173.0 1694429.0
851263.0 1025603.0 1692129.0
851319.0 1022734.0 1692323.0
852106.0 1021554.0 1695359.0
851148.0 1025001.0 1691706.0
851702.0 1022507.0 1693140.0
853825.0 1022296.0 1694500.0
851964.0 1021297.0 1692361.0
850289.0 1023390.0 1693609.0
852101.0 1023440.0 1694663.0
854171.0 1022411.0 1692714.0
850824.0 1023143.0 1692634.0
852800.0 1022208.0 1693507.0
851929.0 1023214.0 1692671.0
852247.0 1022871.0 1692805.0
851462.0 1023944.0 1692785.0
851633.0 1022442.0 1694811.0
851504.0 1022677.0 1694472.0
852719.0 1023886.0 1693304.0
851589.0 1022814.0 1692744.0
851221.0 1022940.0 1693933.0
853877.0 1022807.0 1693748.0
852223.0 1021843.0 1691936.0
851498.0 1022327.0 1692035.0
853237.0 1021955.0 1693267.0
852551.0 1022226.0 1694348.0
681923.0 821531.0 1378275.0
680934.0 821405.0 1377157.0
681014.0 819197.0 1376543.0
680001.0 819291.0 1379483.0
680900.0 820279.0 1377079.0
681167.0 820829.0 1376798.0
681604.0 819290.0 1377349.0
682229.0 819926.0 1378513.0
680313.0 820332.0 1376268.0
683038.0 819712.0 1376595.0
678227.0 820497.0 1377901.0
681372.0 818676.0 1376428.0
680095.0 819581.0 1375021.0
680336.0 818991.0 1377335.0
680830.0 819763.0 1375955.0
679306.0 818332.0 1377811.0
680222.0 818450.0 1376124.0
681069.0 819775.0 1376480.0
680935.0 818730.0 1377414.0
681500.0 820187.0 1377007.0
680870.0 819478.0 1377297.0
681787.0 820076.0 1378325.0
681128.0 819148.0 1373464.0
679997.0 818611.0 1376325.0
680866.0 819613.0 1377312.0
679819.0 820077.0 1375675.0
680009.0 819382.0 1375366.0
681373.0 820503.0 1377204.0
680976.0 819112.0 1374419.0
680969.0 819438.0 1377723.0
535179.0 648455.0 1102906.0
536922.0 646981.0 1100583.0
537489.0 647930.0 1102538.0
536725.0 647786.0 1102547.0
535147.0 647412.0 1101663.0
536508.0 647109.0 1102070.0
535707.0 647057.0 1102186.0
537024.0 648646.0 1102367.0
536087.0 648188.0 1101594.0
538036.0 649022.0 1102597.0
535929.0 649383.0 1104103.0
537544.0 647761.0 1103434.0
536314.0 648320.0 1102411.0
537599.0 649265.0 1102678.0
536924.0 648396.0 1103358.0
537136.0 647763.0 1103430.0
537125.0 647869.0 1104041.0
536680.0 648844.0 1101541.0
537331.0 647575.0 1102443.0
536524.0 648038.0 1102166.0
536320.0 648109.0 1104208.0
536907.0 649696.0 1103684.0
536859.0 647394.0 1104366.0
537775.0 647962.0 1100478.0
536519.0 649534.0 1103141.0
536527.0 648988.0 1105031.0
537286.0 649554.0 1102295.0
535609.0 649556.0 1104666.0
536699.0 647561.0 1101485.0
538109.0 647366.0 1103054.0
417715.0 507661.0 869747.0
417845.0 506090.0 869552.0
417143.0 506500.0 870186.0
417982.0 506272.0 870630.0
418112.0 506690.0 870344.0
418595.0 504979.0 869992.0
417588.0 506042.0 870719.0
416927.0 506194.0 871893.0
418220.0 505234.0 870634.0
416673.0 506638.0 870293.0
416256.0 505707.0 870412.0
416199.0 506043.0 869805.0
417320.0 505435.0 869633.0
416924.0 505699.0 870647.0
417420.0 505308.0 868783.0
416447.0 505323.0 869541.0
417017.0 505780.0 868635.0
416733.0 505975.0 871225.0
416250.0 504942.0 869796.0
416889.0 504198.0 869632.0
416768.0 503926.0 870387.0
417514.0 505103.0 870384.0
417186.0 504192.0 869459.0
417134.0 504930.0 870335.0
416533.0 504971.0 870243.0
415000.0 505293.0 871124.0
416762.0 504990.0 869545.0
416535.0 505931.0 871010.0
416983.0 505183.0 869817.0
417571.0 505007.0 868907.0
339050.0 410589.0 713567.0
339285.0 411458.0 713487.0
338656.0 410590.0 713154.0
338207.0 411028.0 713387.0
338757.0 410712.0 712908.0
338630.0 410447.0 714189.0
337170.0 410438.0 710590.0
338801.0 411368.0 712673.0
338770.0 412231.0 712112.0
339250.0 411618.0 713694.0
339788.0 409979.0 712527.0
338521.0 411199.0 712180.0
339027.0 412705.0 713054.0
338428.0 410610.0 713724.0
338966.0 411440.0 711591.0
338812.0 411499.0 713247.0
338637.0 410782.0 713971.0
339763.0 410855.0 712407.0
339513.0 411411.0 713666.0
338537.0 410429.0 711912.0
338528.0 411941.0 713867.0
339087.0 410794.0 712077.0
338492.0 410471.0 713384.0
339337.0 410975.0 711627.0
340010.0 411864.0 713167.0
339291.0 411431.0 712635.0
339329.0 411776.0 712694.0
338917.0 411310.0 711996.0
339351.0 411800.0 712106.0
338637.0 410323.0 714366.0
261083.0 315793.0 553937.0
261168.0 315799.0 551937.0
261398.0 316986.0 552668.0
259855.0 315487.0 552731.0
261133.0 316150.0 551920.0
258992.0 316785.0 553390.0
261022.0 316043.0 554078.0
261487.0 315368.0 553218.0
261014.0 315734.0 552798.0
261843.0 316126.0 552001.0
260343.0 317454.0 552078.0
260979.0 316167.0 551537.0
260556.0 316656.0 552091.0
260290.0 316032.0 552245.0
260982.0 315677.0 552247.0
260062.0 315836.0 551838.0
260681.0 315306.0 552881.0
259816.0 314575.0 551544.0
260700.0 315095.0 553396.0
261242.0 315640.0 553778.0
260463.0 316636.0 551567.0
261318.0 316659.0 551060.0
260056.0 316032.0 552923.0
260841.0 316055.0 553621.0
260944.0 315585.0 552406.0
259892.0 316523.0 552320.0
261568.0 316664.0 553447.0
260290.0 315747.0 552341.0
260518.0 315875.0 552113.0
261467.0 316549.0 551465.0
211048.0 255070.0 450150.0
211678.0 255696.0 449568.0
211238.0 256938.0 450589.0
210816.0 255359.0 449308.0
211974.0 255683.0 449952.0
211340.0 255738.0 449326.0
210609.0 256857.0 448893.0
211446.0 255597.0 450288.0
211466.0 255843.0 449611.0
211123.0 255448.0 450060.0
211445.0 255257.0 449419.0
211439.0 254851.0 450254.0
211209.0 256387.0 449530.0
211974.0 255416.0 449824.0
212101.0 255055.0 448940.0
212248.0 255951.0 449843.0
210244.0 256155.0 449886.0
211560.0 255924.0 448822.0
211632.0 256016.0 450368.0
211025.0 255773.0 450009.0
210782.0 254497.0 449608.0
210877.0 256051.0 449712.0
211636.0 255532.0 449900.0
211631.0 255586.0 449000.0
211296.0 255108.0 449574.0
211952.0 254850.0 448941.0
211676.0 255589.0 449716.0
211576.0 255602.0 449318.0
211945.0 256919.0 449518.0
211390.0 255447.0 450684.0
171725.0 208183.0 366264.0
172079.0 207867.0 366324.0
171649.0 207613.0 367143.0
172200.0 207205.0 366131.0
171104.0 207449.0 366403.0
171998.0 207628.0 365818.0
171174.0 207453.0 364646.0
171730.0 207150.0 366773.0
171824.0 207775.0 366898.0
171345.0 208256.0 365559.0
171882.0 208136.0 366112.0
171756.0 207551.0 366559.0
171749.0 207367.0 366432.0
171795.0 207355.0 365908.0
172158.0 206943.0 365828.0
171936.0 207607.0 365592.0
171565.0 207729.0 366269.0
172044.0 206910.0 365439.0
172164.0 208059.0 365928.0
170916.0 205895.0 366865.0
172039.0 206964.0 366078.0
171815.0 207546.0 365501.0
171985.0 207967.0 366117.0
171449.0 207034.0 366361.0
172116.0 207293.0 366065.0
171369.0 207949.0 365530.0
171971.0 207727.0 365622.0
171129.0 207487.0 366815.0
171793.0 206747.0 365772.0
171861.0 207299.0 366622.0
131681.0 159251.0 281234.0
131700.0 158278.0 280585.0
131375.0 158910.0 281083.0
132063.0 158601.0 281422.0
131403.0 159110.0 280468.0
131477.0 159204.0 281428.0
131999.0 159002.0 280539.0
131548.0 158645.0 280781.0
132033.0 159127.0 281058.0
131759.0 159110.0 282082.0
131488.0 158942.0 281024.0
131698.0 159007.0 281560.0
132051.0 159356.0 280676.0
132097.0 158749.0 280599.0
131709.0 159036.0 280612.0
132263.0 159355.0 280266.0
131379.0 159735.0 282247.0
131685.0 158986.0 281647.0
132055.0 159477.0 281180.0
131546.0 159086.0 280731.0
132431.0 159434.0 281953.0
131730.0 158900.0 280150.0
131664.0 159148.0 281243.0
131448.0 159150.0 281603.0
131960.0 158605.0 280039.0
131656.0 158039.0 281042.0
131818.0 158530.0 281234.0
131290.0 159447.0 281375.0
132199.0 159442.0 281651.0
131146.0 159104.0 281350.0
106446.0 128451.0 226384.0
106255.0 127948.0 226717.0
106462.0 128347.0 226361.0
106362.0 128335.0 226550.0
106762.0 127690.0 227435.0
106231.0 128398.0 228104.0
106097.0 128095.0 226994.0
105966.0 127909.0 226668.0
106529.0 128062.0 226275.0
106319.0 128150.0 226511.0
106890.0 128357.0 226465.0
106607.0 128566.0 226937.0
106102.0 127767.0 227360.0
106504.0 128361.0 226866.0
106101.0 128616.0 226422.0
106233.0 128164.0 226207.0
106894.0 128135.0 226699.0
105952.0 128100.0 227020.0
105970.0 128322.0 225782.0
106413.0 128552.0 226906.0
106108.0 127738.0 227685.0
105851.0 128347.0 226837.0
105999.0 128043.0 225993.0
106111.0 128274.0 225812.0
106307.0 128270.0 227037.0
106889.0 129209.0 228277.0
106994.0 128128.0 227405.0
106530.0 128259.0 227388.0
106095.0 128410.0 227433.0
106261.0 128134.0 226741.0
86042.0 103131.0 181801.0
86579.0 103539.0 182429.0
85247.0 102846.0 183102.0
85670.0 103966.0 182390.0
85512.0 103272.0 182573.0
85437.0 103475.0 183310.0
86144.0 103733.0 183067.0
85848.0 103583.0 182718.0
85852.0 103797.0 182360.0
85494.0 103807.0 182350.0
85932.0 103492.0 182646.0
86112.0 103498.0 182844.0
86034.0 103321.0 183009.0
86538.0 102896.0 181700.0
85777.0 103997.0 182524.0
85670.0 103665.0 181929.0
85566.0 103789.0 182569.0
85487.0 103867.0 183092.0
85799.0 104157.0 183433.0
85357.0 103476.0 182813.0
85366.0 103323.0 182775.0
85109.0 103410.0 182177.0
85726.0 103613.0 182599.0
85891.0 103604.0 182228.0
85756.0 103208.0 183594.0
85940.0 103708.0 183214.0
85596.0 103528.0 182953.0
85739.0 103305.0 183511.0
85827.0 103470.0 183204.0
86248.0 103587.0 182845.0
69156.0 83047.0 146448.0
68487.0 83363.0 145977.0
69490.0 83345.0 146972.0
69269.0 82897.0 146074.0
69180.0 83304.0 146380.0
68889.0 83270.0 146475.0
68834.0 83081.0 146340.0
68824.0 83263.0 146370.0
69402.0 83184.0 146238.0
68964.0 83607.0 146692.0
68551.0 83185.0 146185.0
69362.0 83126.0 146041.0
69104.0 83200.0 146191.0
69103.0 83017.0 146174.0
68611.0 83448.0 146898.0
69113.0 83737.0 146535.0
69059.0 83129.0 146521.0
68983.0 83454.0 146667.0
69210.0 83264.0 147189.0
69122.0 83422.0 146490.0
69002.0 83533.0 147093.0
68891.0 83604.0 146394.0
69433.0 83284.0 147242.0
69493.0 83505.0 146726.0
69279.0 83757.0 146439.0
69083.0 83122.0 146307.0
69163.0 83178.0 145856.0
69391.0 83040.0 146872.0
69391.0 82909.0 146105.0
68827.0 83073.0 146938.0
55783.0 66876.0 118360.0
55565.0 67757.0 117006.0
55740.0 66865.0 117460.0
55663.0 67436.0 117731.0
55796.0 67367.0 117868.0
55794.0 67219.0 117659.0
56114.0 67224.0 118058.0
56145.0 66893.0 117644.0
56210.0 67078.0 117835.0
55332.0 67204.0 117529.0
55840.0 67125.0 117639.0
55058.0 66787.0 117943.0
55329.0 67428.0 116981.0
56127.0 66635.0 117739.0
55736.0 67032.0 117381.0
55564.0 67126.0 117017.0
55863.0 67073.0 117659.0
55686.0 66412.0 116558.0
55825.0 67037.0 117518.0
55517.0 66689.0 117880.0
55467.0 67038.0 116696.0
55724.0 66942.0 117026.0
55702.0 66868.0 117127.0
55809.0 66982.0 117312.0
55604.0 66964.0 117108.0
56026.0 66973.0 117202.0
55805.0 66813.0 117035.0
55994.0 67018.0 116949.0
55186.0 66998.0 117707.0
55495.0 66860.0 117248.0
45021.0 53590.0 94149.0
45040.0 54020.0 93809.0
44592.0 54359.0 93845.0
45058.0 53792.0 93678.0
45099.0 54014.0 94151.0
45617.0 54298.0 93344.0
44984.0 53532.0 93841.0
44878.0 54121.0 93580.0
45327.0 53677.0 93646.0
45176.0 54050.0 94072.0
45087.0 54492.0 94504.0
45192.0 54473.0 94119.0
45059.0 54120.0 94644.0
45185.0 54206.0 94103.0
45075.0 54253.0 93908.0
45158.0 54391.0 94036.0
44947.0 54338.0 94049.0
45272.0 54027.0 93750.0
45077.0 54092.0 94005.0
45100.0 54448.0 93776.0
44973.0 54804.0 94324.0
45047.0 54274.0 94450.0
45188.0 54088.0 94119.0
45292.0 54495.0 94198.0
45023.0 54236.0 93793.0
45335.0 53876.0 93915.0
44988.0 54361.0 94045.0
45313.0 54112.0 94468.0
45017.0 53835.0 93837.0
45103.0 54710.0 94744.0
36504.0 43308.0 75309.0
36455.0 43643.0 74941.0
36274.0 43377.0 74990.0
36349.0 43600.0 75670.0
36463.0 43901.0 74547.0
36428.0 43663.0 74820.0
36253.0 43361.0 75106.0
36371.0 43461.0 75212.0
36281.0 43705.0 74727.0
36114.0 43674.0 74696.0
36294.0 43543.0 75453.0
36367.0 43503.0 74800.0
36216.0 43619.0 74384.0
36410.0 43525.0 74815.0
36285.0 43263.0 75260.0
36254.0 43594.0 75045.0
36486.0 43889.0 75076.0
36338.0 43688.0 74954.0
36544.0 43480.0 75074.0
36385.0 43796.0 75077.0
36115.0 43671.0 75277.0
36532.0 43584.0 75058.0
36581.0 43731.0 74628.0
36499.0 43480.0 75106.0
36190.0 43378.0 75021.0
36658.0 43518.0 75242.0
36222.0 43896.0 75102.0
36242.0 43687.0 74823.0
36224.0 43619.0 74896.0
36087.0 44043.0 75131.0
29296.0 34713.0 59711.0
29209.0 35293.0 59510.0
29056.0 34996.0 59333.0
29478.0 35319.0 59211.0
29176.0 35303.0 58982.0
29090.0 35129.0 59328.0
29592.0 35035.0 59365.0
29168.0 34557.0 59483.0
29504.0 35193.0 59244.0
29642.0 34704.0 59417.0
29143.0 35253.0 59499.0
29051.0 34806.0 59383.0
29178.0 35372.0 59435.0
29093.0 34777.0 59106.0
29332.0 34837.0 59474.0
29089.0 35200.0 59569.0
29197.0 35036.0 59678.0
29330.0 34957.0 59427.0
29478.0 34975.0 59428.0
29261.0 35324.0 59175.0
28962.0 35007.0 59462.0
29013.0 35173.0 59396.0
29286.0 34951.0 59528.0
29325.0 35151.0 59240.0
29350.0 34876.0 59454.0
29215.0 34960.0 59254.0
29302.0 35362.0 59348.0
28947.0 35118.0 59210.0
29435.0 35142.0 58975.0
29411.0 35335.0 59313.0
24790.0 29753.0 49495.0
24774.0 29833.0 49729.0
25274.0 29913.0 49599.0
24965.0 29748.0 49941.0
25061.0 29679.0 49751.0
25058.0 29541.0 49955.0
24855.0 29642.0 49978.0
25307.0 29897.0 49789.0
24935.0 30158.0 49856.0
24837.0 29670.0 49609.0
24969.0 29627.0 49585.0
25016.0 29919.0 49547.0
25107.0 29892.0 50257.0
24717.0 29481.0 49422.0
24970.0 29763.0 49534.0
25012.0 29529.0 49666.0
25215.0 29772.0 50110.0
25197.0 29624.0 49393.0
24865.0 29831.0 49699.0
24929.0 29808.0 49317.0
24982.0 29809.0 49721.0
24676.0 29810.0 49592.0
25037.0 29960.0 49822.0
25047.0 29685.0 49853.0
24930.0 29534.0 49799.0
24839.0 29897.0 49826.0
24927.0 29969.0 49902.0
25010.0 29250.0 49705.0
25198.0 29638.0 49802.0
25086.0 29534.0 49894.0
20313.0 24115.0 39393.0
20672.0 24037.0 39628.0
20375.0 24139.0 39496.0
20442.0 23857.0 39616.0
20585.0 24251.0 39481.0
20465.0 24184.0 39622.0
20702.0 24104.0 39351.0
20392.0 24490.0 39564.0
20159.0 24147.0 39717.0
20472.0 24046.0 39527.0
20264.0 24078.0 39509.0
20406.0 23842.0 39783.0
20424.0 24086.0 39484.0
20340.0 24166.0 38972.0
20388.0 23884.0 39434.0
20511.0 24092.0 39380.0
20514.0 23946.0 39375.0
20416.0 23806.0 39681.0
20430.0 24082.0 39339.0
20276.0 23732.0 39662.0
20352.0 24411.0 39539.0
20504.0 24311.0 39256.0
20424.0 24347.0 39661.0
20356.0 24098.0 39881.0
20319.0 23859.0 39291.0
20674.0 24176.0 39237.0
20204.0 24268.0 39421.0
20263.0 23981.0 39612.0
20469.0 24040.0 39554.0
20401.0 24045.0 39440.0
16673.0 19445.0 31725.0
16617.0 19620.0 31215.0
16962.0 19731.0 31533.0
16786.0 19590.0 31318.0
16673.0 19734.0 31541.0
17011.0 19786.0 31709.0
16667.0 19810.0 32029.0
16961.0 19720.0 31410.0
16854.0 19513.0 31461.0
16712.0 19637.0 31594.0
16760.0 19716.0 31671.0
16756.0 19405.0 31596.0
16950.0 19843.0 31461.0
16944.0 19573.0 31662.0
16769.0 19568.0 31482.0
16864.0 19613.0 31544.0
16774.0 19707.0 31739.0
16801.0 19734.0 31591.0
16945.0 19725.0 31489.0
17157.0 19768.0 31284.0
16750.0 19677.0 31553.0
16663.0 19839.0 31824.0
16830.0 19668.0 31416.0
16549.0 19603.0 31521.0
16814.0 19530.0 31505.0
16813.0 19838.0 31323.0
16716.0 19558.0 31427.0
17105.0 19752.0 31499.0
16899.0 19903.0 31971.0
16688.0 19725.0 31434.0
13828.0 15870.0 25672.0
14053.0 16462.0 25745.0
14050.0 16086.0 25491.0
13953.0 16014.0 25447.0
14218.0 16288.0 25182.0
14034.0 16228.0 25606.0
14058.0 16043.0 25150.0
13834.0 15850.0 25135.0
14203.0 16166.0 25501.0
13964.0 16369.0 25366.0
13962.0 16212.0 25242.0
14040.0 16317.0 25790.0
14093.0 16457.0 25570.0
13955.0 16219.0 25366.0
14108.0 16217.0 25473.0
14208.0 16151.0 25419.0
13976.0 16264.0 25516.0
14106.0 16183.0 25545.0
14026.0 16239.0 25492.0
14102.0 16349.0 25378.0
13974.0 16178.0 25409.0
13873.0 16260.0 25384.0
14056.0 16183.0 25402.0
13914.0 16370.0 25429.0
14171.0 16169.0 25208.0
14184.0 16329.0 25667.0
14187.0 16352.0 25609.0
13944.0 16375.0 25657.0
13968.0 16368.0 25226.0
13988.0 16328.0 25281.0
11541.0 13180.0 19790.0
11599.0 12775.0 19575.0
11332.0 12981.0 19623.0
11504.0 13150.0 19612.0
11397.0 13143.0 19523.0
11427.0 13070.0 19636.0
11488.0 13082.0 19505.0
11354.0 13119.0 19691.0
11320.0 13095.0 19599.0
11388.0 12984.0 19480.0
11438.0 13026.0 19491.0
11605.0 13532.0 19562.0
11335.0 12971.0 19562.0
11555.0 13049.0 19595.0
11500.0 13169.0 19340.0
11300.0 12864.0 19539.0
11475.0 13199.0 19451.0
11519.0 12886.0 19700.0
11391.0 12926.0 19400.0
11499.0 13097.0 19410.0
11386.0 13087.0 19646.0
11546.0 12886.0 19580.0
11438.0 13311.0 19823.0
11657.0 13136.0 19590.0
11452.0 12914.0 19445.0
11520.0 13250.0 19496.0
11488.0 13003.0 19702.0
11470.0 13106.0 19618.0
11425.0 13075.0 19620.0
11546.0 12999.0 19788.0
9585.0 10774.0 15053.0
9625.0 10777.0 15326.0
9691.0 10503.0 15275.0
9541.0 10872.0 15408.0
9583.0 10790.0 15316.0
9730.0 10593.0 15420.0
9432.0 10670.0 15359.0
9576.0 10715.0 15319.0
9766.0 10602.0 15619.0
9485.0 10746.0 15111.0
9662.0 10651.0 15451.0
9557.0 10406.0 15422.0
9425.0 10912.0 15262.0
9447.0 10720.0 15237.0
9617.0 10746.0 15171.0
9611.0 10782.0 15399.0
9618.0 10685.0 15495.0
9545.0 10832.0 15215.0
9604.0 10864.0 15368.0
9544.0 10541.0 15402.0
9739.0 10867.0 15291.0
9538.0 10932.0 15282.0
9664.0 10759.0 15310.0
9667.0 10888.0 15305.0
9501.0 10839.0 15387.0
9524.0 10629.0 15312.0
9589.0 10922.0 15267.0
9738.0 10775.0 15235.0
9532.0 10788.0 15313.0
9673.0 10754.0 15234.0
8541.0 9470.0 12943.0
8411.0 9524.0 13163.0
8599.0 9346.0 12837.0
8441.0 9306.0 12795.0
8505.0 9498.0 12807.0
8530.0 9405.0 12755.0
8625.0 9461.0 12791.0
8440.0 9390.0 12901.0
8676.0 9310.0 12986.0
8598.0 9423.0 12893.0
8224.0 9231.0 12838.0
8370.0 9365.0 12897.0
8438.0 9406.0 12800.0
8499.0 9372.0 13193.0
8404.0 9439.0 12844.0
8702.0 9301.0 13082.0
8350.0 9425.0 13027.0
8565.0 9378.0 13140.0
8743.0 9353.0 12866.0
8552.0 9394.0 12881.0
8531.0 9289.0 12963.0
8463.0 9451.0 12920.0
8519.0 9469.0 13003.0
8491.0 9231.0 12975.0
8645.0 9420.0 12923.0
8711.0 9549.0 12919.0
8589.0 9380.0 13047.0
8415.0 9352.0 12620.0
8499.0 9379.0 13016.0
8617.0 9424.0 12818.0
7219.0 7839.0 9887.0
7108.0 7624.0 9816.0
7086.0 7677.0 9906.0
7210.0 7788.0 9815.0
7119.0 7619.0 10050.0
7059.0 7677.0 10011.0
7068.0 7910.0 9827.0
7101.0 7689.0 9902.0
7069.0 7790.0 9981.0
7009.0 7822.0 9818.0
7229.0 7590.0 9692.0
7033.0 7514.0 9879.0
7272.0 7640.0 9741.0
7103.0 7741.0 9975.0
7108.0 7692.0 9777.0
6876.0 7468.0 9658.0
7057.0 7622.0 9876.0
7033.0 7730.0 9857.0
7150.0 7670.0 9956.0
7112.0 7689.0 9933.0
7160.0 7693.0 9579.0
7112.0 7834.0 9787.0
7091.0 7809.0 9893.0
6932.0 7736.0 9684.0
7037.0 7854.0 9907.0
7234.0 7722.0 9879.0
7150.0 7601.0 9919.0
7012.0 7758.0 9780.0
7225.0 7649.0 9942.0
7131.0 7775.0 9970.0
6563.0 6949.0 8494.0
6641.0 6875.0 8383.0
6567.0 7014.0 8392.0
6475.0 7031.0 8432.0
6538.0 6751.0 8461.0
6641.0 6848.0 8455.0
6497.0 6842.0 8278.0
6489.0 7026.0 8453.0
6559.0 6844.0 8377.0
6564.0 6896.0 8387.0
6428.0 6894.0 8452.0
6650.0 6963.0 8199.0
6587.0 6814.0 8436.0
6549.0 6947.0 8374.0
6534.0 7104.0 8476.0
6497.0 6752.0 8356.0
6536.0 6917.0 8333.0
6585.0 6945.0 8511.0
6503.0 6966.0 8483.0
6529.0 6959.0 8521.0
6657.0 6872.0 8501.0
6581.0 6932.0 8429.0
6495.0 6906.0 8473.0
6538.0 6539.0 8193.0
6537.0 6966.0 8388.0
6507.0 7025.0 8456.0
6601.0 6781.0 8404.0
6450.0 6907.0 8414.0
6573.0 6906.0 8464.0
6469.0 6968.0 8417.0
5615.0 5795.0 6400.0
5723.0 5787.0 6386.0
5475.0 5877.0 6287.0
5608.0 5807.0 6166.0
5607.0 5746.0 6312.0
5545.0 5706.0 6412.0
5538.0 5783.0 6471.0
5618.0 5893.0 6378.0
5606.0 5742.0 6386.0
5712.0 5678.0 6374.0
5528.0 5863.0 6314.0
5673.0 5825.0 6397.0
5700.0 5903.0 6411.0
5765.0 5757.0 6155.0
5477.0 5916.0 6309.0
5668.0 5767.0 6405.0
5670.0 5750.0 6333.0
5671.0 5809.0 6587.0
5705.0 5857.0 6429.0
5666.0 5764.0 6368.0
5606.0 5755.0 6227.0
5758.0 5791.0 6303.0
5643.0 5636.0 6291.0
5597.0 5784.0 6423.0
5705.0 5750.0 6315.0
5617.0 5722.0 6417.0
5756.0 5798.0 6353.0
5602.0 5843.0 6212.0
5599.0 5808.0 6286.0
5599.0 5802.0 6262.0
5195.0 5212.0 5548.0
5256.0 5196.0 5593.0
5290.0 5334.0 5530.0
5218.0 5401.0 5638.0
5326.0 5276.0 5491.0
5115.0 5350.0 5494.0
5293.0 5210.0 5472.0
5207.0 5295.0 5518.0
5394.0 5236.0 5508.0
5257.0 5291.0 5590.0
5306.0 5320.0 5555.0
5324.0 5314.0 5609.0
5426.0 5270.0 5555.0
5241.0 5350.0 5501.0
5347.0 5357.0 5426.0
5238.0 5416.0 5426.0
5282.0 5287.0 5579.0
5168.0 5319.0 5578.0
5235.0 5306.0 5613.0
5222.0 5346.0 5575.0
5164.0 5163.0 5250.0
5181.0 5326.0 5607.0
5265.0 5302.0 5555.0
5058.0 5129.0 5311.0
5249.0 5339.0 5508.0
5272.0 5362.0 5620.0
5395.0 5328.0 5499.0
5251.0 5319.0 5574.0
5344.0 5340.0 5496.0
5239.0 5376.0 5511.0
