462298
381293
373994
369223
364399
359515
355375
351837
347887
343904
340081
336536
332742
330263
326540
322681
318681
316192
313390
309763
305832
302081
300843
296914
293911
290569
287793
285229
281536
279221
275535
274235
270766
267306
264483
261910
259584
257018
254271
251827
249244
246051
244372
241595
237851
236616
234878
231697
229220
227220
225154
222055
221365
218536
215096
213730
211571
209330
207482
204982
202371
200815
199827
196824
194784
192417
190411
188386
185989
185573
182617
180893
179638
177670
176271
174339
171571
170133
168839
166382
165648
163430
162204
160237
158997
157098
155271
154448
152403
150815
149250
147664
145825
144048
143259
141241
140473
138001
138540
136114
133929
133697
132212
130330
129084
127298
126170
125928
123692
122808
122100
120388
119262
118017
116747
115334
114231
113035
112550
110865
110252
108535
107697
106311
105026
103943
103186
102088
101617
99856
98859
97866
96812
95943
95501
94242
92584
92377
90873
90658
89462
88476
87445
86045
85879
85276
83970
83133
81993
81355
80701
79889
79235
78710
77543
77035
76143
75119
74747
73602
72672
72169
71536
71082
69800
68956
68725
68117
67236
66863
65569
65158
64735
63884
63150
62499
62230
61185
60275
59953
59202
58919
57468
57817
56979
56609
55960
54931
54959
54639
53556
53073
52336
51866
51632
50390
50193
49658
49583
48604
48112
48183
47182
46755
46575
45858
45898
45069
44703
44188
43652
42881
42672
42220
41976
41279
41042
40510
40294
39606
39393
39080
38553
37900
38108
37238
36813
36554
36430
35804
35785
35468
34706
34417
34273
33912
33339
33221
33009
32544
32239
31971
31278
31266
30633
30430
29903
29956
29718
29098
28891
28559
28336
28071
27713
27384
27316
27154
26577
26501
26222
25920
25849
25451
25302
24911
24427
24266
24233
24241
23491
23480
23293
22875
22751
22536
22507
21955
21946
21528
21384
21208
20920
20794
20434
20255
20022
19702
19642
19696
19301
19251
18914
18547
18273
18430
18096
17676
17732
17673
17704
17293
17058
17032
16446
16477
16332
16307
15933
16003
15669
15360
15705
15140
15043
14937
14902
14638
14489
14240
14179
13991
13853
13885
13585
13489
13417
13343
13017
13176
12881
12829
12422
12492
12344
12173
12147
11929
11902
11580
11546
11138
11310
11192
11012
10950
10969
10741
10523
10630
10662
10340
10160
10145
10034
9893
9851
9751
9907
9651
9223
9299
9282
9113
9022
9044
8903
8988
8534
8590
8508
8334
8246
8282
8154
7988
7914
7935
7765
7942
7691
7713
7587
7449
7417
7237
7327
7253
7061
7075
7044
6689
6645
6853
6666
6632
6603
6602
6495
6262
6227
6323
6160
5958
6105
5923
5878
5927
5745
5763
5587
5545
5455
5548
5487
5430
5328
5314
5299
5228
5131
4931
5063
4860
4935
4980
4876
4769
4697
4661
4663
4523
4484
4435
4511
4409
4310
4415
4286
4058
4178
4118
4012
4021
3917
3991
3936
3849
4008
3855
3726
3747
3712
3750
3693
3485
3519
3571
3469
3453
3370
3445
3356
3208
3254
3261
3265
3120
3201
3038
3113
3104
3036
3022
2903
2896
2830
2851
2835
2818
2799
2625
2822
2690
2656
2622
2685
2565
2506
2491
2500
2387
2456
2470
2353
2346
2382
2282
2278
2253
2263
2247
2251
2122
2144
2172
2179
2108
2107
2033
2125
2027
1978
1892
1942
1916
1900
1935
1859
1844
1826
1822
1781
1801
1876
1700
1729
1681
1701
1710
1678
1629
1604
1692
1631
1501
1586
1595
1575
1531
1413
1492
1467
1511
1448
1460
1317
1404
1475
1370
1399
1264
1289
1294
1396
1302
1297
1301
1186
1234
1239
1214
1196
1170
1144
1140
1139
1143
1089
1185
1066
1107
1045
1086
1095
1096
1070
1041
1079
985
983
909
969
1006
983
974
989
895
978
916
821
923
884
902
858
895
842
855
803
775
800
819
800
756
757
788
814
764
729
707
750
694
718
723
716
718
702
658
617
698
648
631
623
724
630
655
628
614
649
616
644
583
584
599
593
590
593
526
600
575
574
561
532
564
547
504
520
497
480
510
462
459
489
433
488
468
462
441
449
450
430
446
470
409
408
397
427
406
398
394
434
380
381
419
361
385
404
379
356
390
358
344
342
373
335
363
345
317
336
318
330
296
349
294
285
310
296
287
308
301
278
284
291
271
307
294
255
275
266
255
251
251
252
272
251
243
242
268
216
240
246
264
252
225
234
213
216
203
222
245
201
204
184
184
178
200
196
199
216
195
198
189
185
201
198
163
199
169
181
170
192
169
175
218
177
156
195
186
150
148
142
144
150
179
162
165
140
134
165
152
145
140
140
137
127
141
140
122
145
133
139
123
118
120
131
106
149
123
128
132
119
126
130
110
125
123
117
114
102
94
118
86
97
82
93
107
69
118
96
100
132
87
111
90
99
90
101
99
96
92
93
77
64
77
87
76
74
73
61
80
88
79
88
82
81
80
64
66
62
82
78
63
78
55
66
63
75
66
69
62
66
70
59
57
61
62
67
60
55
57
63
70
38
47
58
61
56
57
63
43
47
37
62
41
56
56
52
62
37
50
42
50
38
38
53
42
50
47
29
43
46
43
36
36
43
44
39
42
30
45
37
37
40
37
39
44
36
37
42
47
42
28
36
30
32
25
39
29
34
36
31
24
28
33
21
28
25
29
31
36
33
36
42
23
31
20
21
29
28
35
25
32
14
28
27
26
27
28
26
23
34
26
18
19
25
18
16
13
15
26
27
20
19
23
22
23
19
23
12
25
16
15
31
19
17
17
11
11
18
18
20
23
31
14
11
9
17
16
12
12
14
15
16
19
15
8
14
8
11
7
13
17
13
16
13
10
8
17
17
14
14
15
12
15
16
9
21
6
18
13
6
8
7
9
10
8
11
10
5
11
9
16
9
7
6
8
11
14
9
7
3
12
7
4
4
7
9
10
7
7
10
11
8
7
13
11
7
8
6
5
6
5
9
6
8
9
3
5
7
8
7
6
4
5
11
4
6
10
5
6
9
12
8
8
6
6
6
3
4
9
7
6
2
3
2
5
6
6
3
5
6
4
7
4
3
4
2
5
7
8
3
6
4
1
5
2
4
6
9
4
3
4
5
6
4
2
5
3
6
6
5
3
4
4
2
5
3
4
4
7
4
2
4
2
4
3
1
1
2
0
3
3
3
3
4
4
2
5
3
0
1
3
2
4
3
0
4
2
1
4
2
3
4
1
2
2
3
1
1
3
1
3
2
0
1
4
4
4
1
4
1
3
1
2
3
3
3
4
0
1
2
0
2
1
1
3
2
1
0
2
1
3
0
3
5
1
1
2
2
2
0
1
1
2
2
3
1
0
0
4
0
4
0
2
0
3
2
0
3
2
0
1
0
0
1
0
2
1
1
1
1
2
2
3
2
0
0
1
1
1
1
0
0
2
2
0
0
1
2
1
0
0
0
0
1
0
1
0
0
1
1
0
1
1
1
0
1
0
0
0
0
0
0
1
0
1
0
0
2
1
0
2
1
0
1
0
0
1
1
1
0
0
1
0
0
0
1
1
0
0
0
1
0
0
1
0
0
1
0
1
1
0
0
0
0
1
0
0
1
1
0
0
1
0
1
0
0
1
0
0
0
0
0
0
0
1
0
0
0
1
0
0
0
0
1
0
0
0
0
0
0
0
0
0
0
0
1
2
0
0
0
1
1
0
0
0
0
0
1
0
1
0
0
1
0
0
0
0
1
0
0
0
0
0
0
0
1
0
1
0
0
0
0
0
0
1
0
0
0
0
0
0
1
0
0
0
0
0
0
0
0
0
0
0
0
0
0
0
0
0
1
1
0
0
0
0
0
0
0
0
0
0
0
0
0
0
0
0
0
0
0
0
0
0
0
1
0
0
0
0
0
0
0
0
0
0
0
0
1
0
0
1
0
0
0
0
1
0
1
0
0
1
0
0
0
0
0
0
0
0
0
0
0
0
0
0
0
0
1
1
0
0
0
0
0
0
0
0
0
0
0
0
0
0
0
0
0
0
0
0
0
0
0
0
0
0
0
0
0
0
0
0
0
0
0
0
0
0
0
0
0
0
0
0
0
0
0
0
0
0
0
1
0
0
0
0
0
0
0
0
0
0
0
0
0
0
0
0
0
0
0
0
0
0
0
0
0
0
0
0
0
0
0
0
0
0
0
0
1
0
0
0
0
0
0
0
0
0
0
0
0
0
0
0
0
0
0
0
0
0
0
0
0
0
0
0
0
0
0
0
0
0
0
0
0
0
0
0
0
